       2500
      1.5000    277.1370
      2.5000    277.1600
      3.5000    277.1580
      4.5000    277.1570
      5.5000    277.1670
      6.5000    277.1720
      7.5000    277.1710
      8.5000    277.1750
      9.5000    277.1760
     10.5000    277.1790
     11.5000    277.1940
     12.5000    277.1980
     13.5000    277.2010
     14.5000    277.2010
     15.5000    277.2110
     16.5000    277.2170
     17.5000    277.2210
     18.5000    277.2260
     19.5000    277.2270
     20.5000    277.2320
     21.5000    277.2340
     22.5000    277.2370
     23.5000    277.2450
     24.5000    277.2490
     25.5000    277.2560
     26.5000    277.2600
     27.5000    277.2770
     28.5000    277.2800
     29.5000    277.2820
     30.5000    277.2840
     31.5000    277.2850
     32.5000    277.2930
     33.5000    277.2910
     34.5000    277.2950
     35.5000    277.3000
     36.5000    277.3050
     37.5000    277.3110
     38.5000    277.3160
     39.5000    277.3180
     40.5000    277.3250
     41.5000    277.3300
     42.5000    277.3340
     43.5000    277.3370
     44.5000    277.3410
     45.5000    277.3430
     46.5000    277.3480
     47.5000    277.3510
     48.5000    277.3530
     49.5000    277.3600
     50.5000    277.3620
     51.5000    277.3630
     52.5000    277.3680
     53.5000    277.3710
     54.5000    277.3760
     55.5000    277.3790
     56.5000    277.3850
     57.5000    277.3870
     58.5000    277.3890
     59.5000    277.3950
     60.5000    277.3970
     61.5000    277.4020
     62.5000    277.4060
     63.5000    277.4080
     64.5000    277.4170
     65.5000    277.4230
     66.5000    277.4280
     67.5000    277.4300
     68.5000    277.4330
     69.5000    277.4370
     70.5000    277.4360
     71.5000    277.4370
     72.5000    277.4370
     73.5000    277.4450
     74.5000    277.4520
     75.5000    277.4570
     76.5000    277.4620
     77.5000    277.4610
     78.5000    277.4630
     79.5000    277.4720
     80.5000    277.4770
     81.5000    277.4810
     82.5000    277.4870
     83.5000    277.4890
     84.5000    277.4970
     85.5000    277.5050
     86.5000    277.5090
     87.5000    277.5160
     88.5000    277.5200
     89.5000    277.5280
     90.5000    277.5360
     91.5000    277.5410
     92.5000    277.5540
     93.5000    277.5600
     94.5000    277.5710
     95.5000    277.5710
     96.5000    277.5790
     97.5000    277.5840
     98.5000    277.5970
     99.5000    277.6090
    100.5000    277.6200
    101.5000    277.6230
    102.5000    277.6300
    103.5000    277.6330
    104.5000    277.6360
    105.5000    277.6450
    106.5000    277.6430
    107.5000    277.6510
    108.5000    277.6560
    109.5000    277.6590
    110.5000    277.6630
    111.5000    277.6710
    112.5000    277.6780
    113.5000    277.6940
    114.5000    277.7020
    115.5000    277.7100
    116.5000    277.7170
    117.5000    277.7180
    118.5000    277.7230
    119.5000    277.7260
    120.5000    277.7330
    121.5000    277.7390
    122.5000    277.7440
    123.5000    277.7480
    124.5000    277.7500
    125.5000    277.7580
    126.5000    277.7610
    127.5000    277.7650
    128.5000    277.7690
    129.5000    277.7700
    130.5000    277.7730
    131.5000    277.7790
    132.5000    277.7850
    133.5000    277.7900
    134.5000    277.7940
    135.5000    277.8010
    136.5000    277.8080
    137.5000    277.8130
    138.5000    277.8210
    139.5000    277.8280
    140.5000    277.8320
    141.5000    277.8350
    142.5000    277.8460
    143.5000    277.8550
    144.5000    277.8590
    145.5000    277.8690
    146.5000    277.8760
    147.5000    277.8840
    148.5000    277.8900
    149.5000    277.8970
    150.5000    277.9070
    151.5000    277.9170
    152.5000    277.9240
    153.5000    277.9340
    154.5000    277.9460
    155.5000    277.9560
    156.5000    277.9770
    157.5000    277.9840
    158.5000    278.0000
    159.5000    278.0120
    160.5000    278.0290
    161.5000    278.0420
    162.5000    278.0550
    163.5000    278.0710
    164.5000    278.0870
    165.5000    278.1100
    166.5000    278.1240
    167.5000    278.1380
    168.5000    278.1550
    169.5000    278.1720
    170.5000    278.1940
    171.5000    278.2110
    172.5000    278.2330
    173.5000    278.2570
    174.5000    278.2780
    175.5000    278.2980
    176.5000    278.3210
    177.5000    278.3400
    178.5000    278.3630
    179.5000    278.3840
    180.5000    278.4040
    181.5000    278.4150
    182.5000    278.4320
    183.5000    278.4550
    184.5000    278.4830
    185.5000    278.5080
    186.5000    278.5200
    187.5000    278.5430
    188.5000    278.5610
    189.5000    278.5800
    190.5000    278.5990
    191.5000    278.6350
    192.5000    278.6610
    193.5000    278.6810
    194.5000    278.7120
    195.5000    278.7350
    196.5000    278.7650
    197.5000    278.7890
    198.5000    278.8160
    199.5000    278.8450
    200.5000    278.8770
    201.5000    278.9010
    202.5000    278.9360
    203.5000    278.9570
    204.5000    278.9860
    205.5000    279.0210
    206.5000    279.0510
    207.5000    279.0880
    208.5000    279.1140
    209.5000    279.1370
    210.5000    279.1640
    211.5000    279.1870
    212.5000    279.2120
    213.5000    279.2370
    214.5000    279.2610
    215.5000    279.2820
    216.5000    279.3060
    217.5000    279.3340
    218.5000    279.3530
    219.5000    279.3790
    220.5000    279.4040
    221.5000    279.4290
    222.5000    279.4520
    223.5000    279.4740
    224.5000    279.4970
    225.5000    279.5160
    226.5000    279.5330
    227.5000    279.5540
    228.5000    279.5780
    229.5000    279.6020
    230.5000    279.6250
    231.5000    279.6460
    232.5000    279.6670
    233.5000    279.6930
    234.5000    279.7170
    235.5000    279.7390
    236.5000    279.7490
    237.5000    279.7700
    238.5000    279.7880
    239.5000    279.8060
    240.5000    279.8250
    241.5000    279.8350
    242.5000    279.8460
    243.5000    279.8550
    244.5000    279.8630
    245.5000    279.8770
    246.5000    279.8920
    247.5000    279.9110
    248.5000    279.9150
    249.5000    279.9280
    250.5000    279.9520
    251.5000    279.9740
    252.5000    279.9870
    253.5000    279.9940
    254.5000    279.9980
    255.5000    280.0070
    256.5000    280.0120
    257.5000    280.0310
    258.5000    280.0390
    259.5000    280.0460
    260.5000    280.0590
    261.5000    280.0560
    262.5000    280.0700
    263.5000    280.0730
    264.5000    280.0760
    265.5000    280.0860
    266.5000    280.0970
    267.5000    280.1090
    268.5000    280.1230
    269.5000    280.1220
    270.5000    280.1420
    271.5000    280.1500
    272.5000    280.1610
    273.5000    280.1720
    274.5000    280.1810
    275.5000    280.1870
    276.5000    280.1970
    277.5000    280.2070
    278.5000    280.2040
    279.5000    280.2160
    280.5000    280.2130
    281.5000    280.2220
    282.5000    280.2280
    283.5000    280.2300
    284.5000    280.2310
    285.5000    280.2350
    286.5000    280.2450
    287.5000    280.2420
    288.5000    280.2430
    289.5000    280.2370
    290.5000    280.2420
    291.5000    280.2350
    292.5000    280.2430
    293.5000    280.2330
    294.5000    280.2350
    295.5000    280.2360
    296.5000    280.2400
    297.5000    280.2250
    298.5000    280.2110
    299.5000    280.2060
    300.5000    280.2090
    301.5000    280.2110
    302.5000    280.2100
    303.5000    280.2070
    304.5000    280.2060
    305.5000    280.2080
    306.5000    280.2030
    307.5000    280.1960
    308.5000    280.1970
    309.5000    280.1960
    310.5000    280.1930
    311.5000    280.1900
    312.5000    280.1920
    313.5000    280.1710
    314.5000    280.1690
    315.5000    280.1570
    316.5000    280.1560
    317.5000    280.1480
    318.5000    280.1400
    319.5000    280.1260
    320.5000    280.1250
    321.5000    280.1180
    322.5000    280.1100
    323.5000    280.1010
    324.5000    280.0870
    325.5000    280.0800
    326.5000    280.0880
    327.5000    280.0870
    328.5000    280.0800
    329.5000    280.0650
    330.5000    280.0570
    331.5000    280.0480
    332.5000    280.0350
    333.5000    280.0250
    334.5000    280.0070
    335.5000    279.9930
    336.5000    279.9750
    337.5000    279.9650
    338.5000    279.9490
    339.5000    279.9260
    340.5000    279.9190
    341.5000    279.8900
    342.5000    279.8750
    343.5000    279.8500
    344.5000    279.8330
    345.5000    279.8270
    346.5000    279.8130
    347.5000    279.8060
    348.5000    279.7880
    349.5000    279.7800
    350.5000    279.7610
    351.5000    279.7520
    352.5000    279.7340
    353.5000    279.7260
    354.5000    279.7170
    355.5000    279.7000
    356.5000    279.6680
    357.5000    279.6440
    358.5000    279.6140
    359.5000    279.5880
    360.5000    279.5590
    361.5000    279.5320
    362.5000    279.4960
    363.5000    279.4660
    364.5000    279.4410
    365.5000    279.4200
    366.5000    279.4000
    367.5000    279.3730
    368.5000    279.3510
    369.5000    279.3310
    370.5000    279.3070
    371.5000    279.2760
    372.5000    279.2490
    373.5000    279.2230
    374.5000    279.2200
    375.5000    279.2060
    376.5000    279.1940
    377.5000    279.1810
    378.5000    279.1670
    379.5000    279.1440
    380.5000    279.1370
    381.5000    279.1140
    382.5000    279.1080
    383.5000    279.0970
    384.5000    279.0860
    385.5000    279.0710
    386.5000    279.0550
    387.5000    279.0370
    388.5000    279.0170
    389.5000    279.0170
    390.5000    279.0060
    391.5000    278.9870
    392.5000    278.9800
    393.5000    278.9740
    394.5000    278.9600
    395.5000    278.9420
    396.5000    278.9380
    397.5000    278.9060
    398.5000    278.8840
    399.5000    278.8800
    400.5000    278.8640
    401.5000    278.8460
    402.5000    278.8330
    403.5000    278.8320
    404.5000    278.8350
    405.5000    278.8400
    406.5000    278.8360
    407.5000    278.8390
    408.5000    278.8400
    409.5000    278.8290
    410.5000    278.8210
    411.5000    278.8140
    412.5000    278.8170
    413.5000    278.8040
    414.5000    278.7890
    415.5000    278.7750
    416.5000    278.7600
    417.5000    278.7540
    418.5000    278.7190
    419.5000    278.7030
    420.5000    278.6920
    421.5000    278.6700
    422.5000    278.6550
    423.5000    278.6410
    424.5000    278.6270
    425.5000    278.6080
    426.5000    278.5930
    427.5000    278.5720
    428.5000    278.5580
    429.5000    278.5440
    430.5000    278.5220
    431.5000    278.4980
    432.5000    278.4730
    433.5000    278.4550
    434.5000    278.4260
    435.5000    278.3960
    436.5000    278.3690
    437.5000    278.3510
    438.5000    278.3130
    439.5000    278.2870
    440.5000    278.2680
    441.5000    278.2510
    442.5000    278.2320
    443.5000    278.2260
    444.5000    278.2200
    445.5000    278.1900
    446.5000    278.1800
    447.5000    278.1510
    448.5000    278.1370
    449.5000    278.1190
    450.5000    278.1020
    451.5000    278.0830
    452.5000    278.0510
    453.5000    278.0260
    454.5000    278.0100
    455.5000    277.9850
    456.5000    277.9710
    457.5000    277.9490
    458.5000    277.9250
    459.5000    277.8970
    460.5000    277.8830
    461.5000    277.8650
    462.5000    277.8450
    463.5000    277.8160
    464.5000    277.8000
    465.5000    277.7770
    466.5000    277.7590
    467.5000    277.7380
    468.5000    277.7130
    469.5000    277.6930
    470.5000    277.6740
    471.5000    277.6440
    472.5000    277.6290
    473.5000    277.6110
    474.5000    277.5900
    475.5000    277.5610
    476.5000    277.5330
    477.5000    277.5170
    478.5000    277.4960
    479.5000    277.4850
    480.5000    277.4800
    481.5000    277.4640
    482.5000    277.4590
    483.5000    277.4490
    484.5000    277.4440
    485.5000    277.4270
    486.5000    277.4010
    487.5000    277.3780
    488.5000    277.3700
    489.5000    277.3530
    490.5000    277.3480
    491.5000    277.3310
    492.5000    277.3110
    493.5000    277.2990
    494.5000    277.2770
    495.5000    277.2640
    496.5000    277.2580
    497.5000    277.2390
    498.5000    277.2350
    499.5000    277.2170
    500.5000    277.2060
    501.5000    277.1920
    502.5000    277.1860
    503.5000    277.1720
    504.5000    277.1580
    505.5000    277.1410
    506.5000    277.1370
    507.5000    277.1220
    508.5000    277.1160
    509.5000    277.1100
    510.5000    277.0990
    511.5000    277.0840
    512.5000    277.0720
    513.5000    277.0630
    514.5000    277.0520
    515.5000    277.0480
    516.5000    277.0410
    517.5000    277.0330
    518.5000    277.0260
    519.5000    277.0240
    520.5000    277.0150
    521.5000    277.0100
    522.5000    277.0090
    523.5000    277.0040
    524.5000    277.0110
    525.5000    277.0120
    526.5000    277.0150
    527.5000    277.0160
    528.5000    277.0130
    529.5000    277.0140
    530.5000    277.0130
    531.5000    277.0130
    532.5000    277.0360
    533.5000    277.0450
    534.5000    277.0530
    535.5000    277.0560
    536.5000    277.0550
    537.5000    277.0630
    538.5000    277.0570
    539.5000    277.0570
    540.5000    277.0740
    541.5000    277.0700
    542.5000    277.0760
    543.5000    277.0920
    544.5000    277.0940
    545.5000    277.0950
    546.5000    277.1090
    547.5000    277.1120
    548.5000    277.1120
    549.5000    277.1300
    550.5000    277.1360
    551.5000    277.1250
    552.5000    277.1220
    553.5000    277.1140
    554.5000    277.1310
    555.5000    277.1270
    556.5000    277.1240
    557.5000    277.1230
    558.5000    277.1310
    559.5000    277.1310
    560.5000    277.1320
    561.5000    277.1460
    562.5000    277.1390
    563.5000    277.1390
    564.5000    277.1400
    565.5000    277.1480
    566.5000    277.1460
    567.5000    277.1460
    568.5000    277.1530
    569.5000    277.1500
    570.5000    277.1460
    571.5000    277.1550
    572.5000    277.1610
    573.5000    277.1590
    574.5000    277.1690
    575.5000    277.1730
    576.5000    277.1780
    577.5000    277.1810
    578.5000    277.1910
    579.5000    277.1940
    580.5000    277.1980
    581.5000    277.2120
    582.5000    277.2260
    583.5000    277.2410
    584.5000    277.2620
    585.5000    277.2770
    586.5000    277.2920
    587.5000    277.3030
    588.5000    277.3230
    589.5000    277.3350
    590.5000    277.3470
    591.5000    277.3660
    592.5000    277.3810
    593.5000    277.4030
    594.5000    277.4250
    595.5000    277.4300
    596.5000    277.4360
    597.5000    277.4460
    598.5000    277.4700
    599.5000    277.4880
    600.5000    277.5080
    601.5000    277.5140
    602.5000    277.5290
    603.5000    277.5500
    604.5000    277.5760
    605.5000    277.5910
    606.5000    277.6050
    607.5000    277.6190
    608.5000    277.6360
    609.5000    277.6560
    610.5000    277.6740
    611.5000    277.6870
    612.5000    277.7020
    613.5000    277.7220
    614.5000    277.7440
    615.5000    277.7730
    616.5000    277.7890
    617.5000    277.8070
    618.5000    277.8260
    619.5000    277.8510
    620.5000    277.8730
    621.5000    277.8860
    622.5000    277.9100
    623.5000    277.9300
    624.5000    277.9560
    625.5000    277.9730
    626.5000    277.9820
    627.5000    278.0090
    628.5000    278.0280
    629.5000    278.0500
    630.5000    278.0710
    631.5000    278.0890
    632.5000    278.1060
    633.5000    278.1190
    634.5000    278.1450
    635.5000    278.1600
    636.5000    278.1710
    637.5000    278.1850
    638.5000    278.1890
    639.5000    278.2040
    640.5000    278.2220
    641.5000    278.2370
    642.5000    278.2530
    643.5000    278.2660
    644.5000    278.2810
    645.5000    278.2950
    646.5000    278.3070
    647.5000    278.3180
    648.5000    278.3330
    649.5000    278.3510
    650.5000    278.3620
    651.5000    278.3830
    652.5000    278.3920
    653.5000    278.4030
    654.5000    278.4140
    655.5000    278.4270
    656.5000    278.4370
    657.5000    278.4460
    658.5000    278.4560
    659.5000    278.4620
    660.5000    278.4790
    661.5000    278.4900
    662.5000    278.5010
    663.5000    278.5090
    664.5000    278.5250
    665.5000    278.5280
    666.5000    278.5390
    667.5000    278.5560
    668.5000    278.5710
    669.5000    278.5810
    670.5000    278.5890
    671.5000    278.5950
    672.5000    278.6010
    673.5000    278.6080
    674.5000    278.6260
    675.5000    278.6370
    676.5000    278.6400
    677.5000    278.6490
    678.5000    278.6600
    679.5000    278.6650
    680.5000    278.6740
    681.5000    278.6830
    682.5000    278.6890
    683.5000    278.6970
    684.5000    278.7160
    685.5000    278.7260
    686.5000    278.7350
    687.5000    278.7410
    688.5000    278.7550
    689.5000    278.7690
    690.5000    278.7810
    691.5000    278.7990
    692.5000    278.7990
    693.5000    278.8100
    694.5000    278.8140
    695.5000    278.8240
    696.5000    278.8280
    697.5000    278.8320
    698.5000    278.8400
    699.5000    278.8500
    700.5000    278.8610
    701.5000    278.8740
    702.5000    278.8820
    703.5000    278.8900
    704.5000    278.9010
    705.5000    278.9030
    706.5000    278.9100
    707.5000    278.9200
    708.5000    278.9270
    709.5000    278.9360
    710.5000    278.9520
    711.5000    278.9580
    712.5000    278.9630
    713.5000    278.9740
    714.5000    278.9820
    715.5000    278.9890
    716.5000    278.9980
    717.5000    279.0040
    718.5000    279.0090
    719.5000    279.0140
    720.5000    279.0250
    721.5000    279.0300
    722.5000    279.0360
    723.5000    279.0410
    724.5000    279.0490
    725.5000    279.0510
    726.5000    279.0550
    727.5000    279.0630
    728.5000    279.0700
    729.5000    279.0730
    730.5000    279.0810
    731.5000    279.0880
    732.5000    279.0980
    733.5000    279.1080
    734.5000    279.1150
    735.5000    279.1150
    736.5000    279.1220
    737.5000    279.1210
    738.5000    279.1270
    739.5000    279.1310
    740.5000    279.1370
    741.5000    279.1420
    742.5000    279.1460
    743.5000    279.1540
    744.5000    279.1610
    745.5000    279.1720
    746.5000    279.1780
    747.5000    279.1930
    748.5000    279.2030
    749.5000    279.2070
    750.5000    279.2130
    751.5000    279.2140
    752.5000    279.2270
    753.5000    279.2310
    754.5000    279.2340
    755.5000    279.2470
    756.5000    279.2580
    757.5000    279.2680
    758.5000    279.2730
    759.5000    279.2780
    760.5000    279.2880
    761.5000    279.2940
    762.5000    279.2960
    763.5000    279.3010
    764.5000    279.3030
    765.5000    279.3060
    766.5000    279.3110
    767.5000    279.3130
    768.5000    279.3200
    769.5000    279.3220
    770.5000    279.3240
    771.5000    279.3280
    772.5000    279.3270
    773.5000    279.3260
    774.5000    279.3240
    775.5000    279.3270
    776.5000    279.3330
    777.5000    279.3450
    778.5000    279.3490
    779.5000    279.3470
    780.5000    279.3430
    781.5000    279.3410
    782.5000    279.3420
    783.5000    279.3380
    784.5000    279.3410
    785.5000    279.3370
    786.5000    279.3350
    787.5000    279.3280
    788.5000    279.3260
    789.5000    279.3160
    790.5000    279.3160
    791.5000    279.3110
    792.5000    279.3080
    793.5000    279.2950
    794.5000    279.2940
    795.5000    279.2940
    796.5000    279.2880
    797.5000    279.2820
    798.5000    279.2770
    799.5000    279.2800
    800.5000    279.2740
    801.5000    279.2720
    802.5000    279.2730
    803.5000    279.2730
    804.5000    279.2760
    805.5000    279.2810
    806.5000    279.2830
    807.5000    279.2850
    808.5000    279.2930
    809.5000    279.2950
    810.5000    279.2980
    811.5000    279.3020
    812.5000    279.3030
    813.5000    279.3050
    814.5000    279.3070
    815.5000    279.3110
    816.5000    279.3130
    817.5000    279.3150
    818.5000    279.3200
    819.5000    279.3190
    820.5000    279.3240
    821.5000    279.3250
    822.5000    279.3260
    823.5000    279.3260
    824.5000    279.3230
    825.5000    279.3230
    826.5000    279.3210
    827.5000    279.3220
    828.5000    279.3230
    829.5000    279.3260
    830.5000    279.3260
    831.5000    279.3260
    832.5000    279.3240
    833.5000    279.3290
    834.5000    279.3240
    835.5000    279.3250
    836.5000    279.3230
    837.5000    279.3270
    838.5000    279.3290
    839.5000    279.3340
    840.5000    279.3340
    841.5000    279.3340
    842.5000    279.3390
    843.5000    279.3490
    844.5000    279.3490
    845.5000    279.3520
    846.5000    279.3490
    847.5000    279.3490
    848.5000    279.3520
    849.5000    279.3550
    850.5000    279.3530
    851.5000    279.3550
    852.5000    279.3520
    853.5000    279.3520
    854.5000    279.3500
    855.5000    279.3480
    856.5000    279.3460
    857.5000    279.3490
    858.5000    279.3480
    859.5000    279.3470
    860.5000    279.3510
    861.5000    279.3450
    862.5000    279.3470
    863.5000    279.3480
    864.5000    279.3470
    865.5000    279.3360
    866.5000    279.3260
    867.5000    279.3170
    868.5000    279.3140
    869.5000    279.3120
    870.5000    279.3080
    871.5000    279.3060
    872.5000    279.3030
    873.5000    279.2850
    874.5000    279.2760
    875.5000    279.2690
    876.5000    279.2590
    877.5000    279.2520
    878.5000    279.2380
    879.5000    279.2270
    880.5000    279.2240
    881.5000    279.2160
    882.5000    279.2040
    883.5000    279.1910
    884.5000    279.1850
    885.5000    279.1700
    886.5000    279.1580
    887.5000    279.1470
    888.5000    279.1480
    889.5000    279.1400
    890.5000    279.1290
    891.5000    279.1220
    892.5000    279.1090
    893.5000    279.0980
    894.5000    279.0860
    895.5000    279.0780
    896.5000    279.0700
    897.5000    279.0550
    898.5000    279.0450
    899.5000    279.0380
    900.5000    279.0210
    901.5000    279.0150
    902.5000    279.0020
    903.5000    278.9940
    904.5000    278.9890
    905.5000    278.9810
    906.5000    278.9610
    907.5000    278.9500
    908.5000    278.9380
    909.5000    278.9300
    910.5000    278.9180
    911.5000    278.9090
    912.5000    278.8990
    913.5000    278.8940
    914.5000    278.8830
    915.5000    278.8710
    916.5000    278.8660
    917.5000    278.8570
    918.5000    278.8490
    919.5000    278.8310
    920.5000    278.8170
    921.5000    278.8040
    922.5000    278.7920
    923.5000    278.7840
    924.5000    278.7720
    925.5000    278.7680
    926.5000    278.7530
    927.5000    278.7420
    928.5000    278.7400
    929.5000    278.7230
    930.5000    278.7130
    931.5000    278.7040
    932.5000    278.6960
    933.5000    278.6840
    934.5000    278.6790
    935.5000    278.6730
    936.5000    278.6580
    937.5000    278.6490
    938.5000    278.6440
    939.5000    278.6390
    940.5000    278.6300
    941.5000    278.6220
    942.5000    278.6170
    943.5000    278.6110
    944.5000    278.6150
    945.5000    278.6240
    946.5000    278.6300
    947.5000    278.6350
    948.5000    278.6350
    949.5000    278.6400
    950.5000    278.6520
    951.5000    278.6530
    952.5000    278.6610
    953.5000    278.6720
    954.5000    278.6990
    955.5000    278.7080
    956.5000    278.7190
    957.5000    278.7270
    958.5000    278.7350
    959.5000    278.7500
    960.5000    278.7570
    961.5000    278.7630
    962.5000    278.7750
    963.5000    278.7870
    964.5000    278.7960
    965.5000    278.8100
    966.5000    278.8200
    967.5000    278.8390
    968.5000    278.8540
    969.5000    278.8900
    970.5000    278.9070
    971.5000    278.9230
    972.5000    278.9490
    973.5000    278.9600
    974.5000    278.9630
    975.5000    278.9720
    976.5000    278.9780
    977.5000    278.9860
    978.5000    278.9960
    979.5000    279.0060
    980.5000    279.0080
    981.5000    279.0240
    982.5000    279.0380
    983.5000    279.0570
    984.5000    279.0690
    985.5000    279.0920
    986.5000    279.1150
    987.5000    279.1480
    988.5000    279.1690
    989.5000    279.1830
    990.5000    279.2010
    991.5000    279.2170
    992.5000    279.2410
    993.5000    279.2620
    994.5000    279.2780
    995.5000    279.2940
    996.5000    279.3140
    997.5000    279.3390
    998.5000    279.3580
    999.5000    279.3820
   1000.5000    279.4040
   1001.5000    279.4260
   1002.5000    279.4480
   1003.5000    279.4770
   1004.5000    279.4990
   1005.5000    279.5240
   1006.5000    279.5410
   1007.5000    279.5600
   1008.5000    279.5790
   1009.5000    279.6010
   1010.5000    279.6300
   1011.5000    279.6610
   1012.5000    279.6920
   1013.5000    279.7300
   1014.5000    279.7600
   1015.5000    279.7950
   1016.5000    279.8280
   1017.5000    279.8600
   1018.5000    279.8920
   1019.5000    279.9170
   1020.5000    279.9490
   1021.5000    279.9840
   1022.5000    280.0180
   1023.5000    280.0520
   1024.5000    280.0870
   1025.5000    280.1260
   1026.5000    280.1640
   1027.5000    280.2000
   1028.5000    280.2360
   1029.5000    280.2760
   1030.5000    280.3130
   1031.5000    280.3530
   1032.5000    280.3950
   1033.5000    280.4370
   1034.5000    280.4800
   1035.5000    280.5140
   1036.5000    280.5540
   1037.5000    280.5910
   1038.5000    280.6320
   1039.5000    280.6740
   1040.5000    280.7100
   1041.5000    280.7540
   1042.5000    280.7930
   1043.5000    280.8350
   1044.5000    280.8760
   1045.5000    280.9130
   1046.5000    280.9550
   1047.5000    280.9910
   1048.5000    281.0340
   1049.5000    281.0790
   1050.5000    281.1280
   1051.5000    281.1730
   1052.5000    281.2180
   1053.5000    281.2730
   1054.5000    281.3280
   1055.5000    281.3710
   1056.5000    281.4180
   1057.5000    281.4600
   1058.5000    281.5120
   1059.5000    281.5570
   1060.5000    281.6010
   1061.5000    281.6410
   1062.5000    281.6850
   1063.5000    281.7290
   1064.5000    281.7680
   1065.5000    281.8020
   1066.5000    281.8380
   1067.5000    281.8730
   1068.5000    281.9100
   1069.5000    281.9480
   1070.5000    281.9830
   1071.5000    282.0230
   1072.5000    282.0610
   1073.5000    282.0970
   1074.5000    282.1330
   1075.5000    282.1730
   1076.5000    282.2070
   1077.5000    282.2450
   1078.5000    282.2820
   1079.5000    282.3140
   1080.5000    282.3500
   1081.5000    282.3840
   1082.5000    282.4160
   1083.5000    282.4500
   1084.5000    282.4830
   1085.5000    282.5130
   1086.5000    282.5470
   1087.5000    282.5780
   1088.5000    282.6070
   1089.5000    282.6470
   1090.5000    282.6800
   1091.5000    282.7070
   1092.5000    282.7380
   1093.5000    282.7730
   1094.5000    282.8040
   1095.5000    282.8320
   1096.5000    282.8610
   1097.5000    282.8820
   1098.5000    282.9150
   1099.5000    282.9470
   1100.5000    282.9690
   1101.5000    282.9960
   1102.5000    283.0210
   1103.5000    283.0480
   1104.5000    283.0770
   1105.5000    283.1050
   1106.5000    283.1350
   1107.5000    283.1670
   1108.5000    283.1930
   1109.5000    283.2130
   1110.5000    283.2320
   1111.5000    283.2510
   1112.5000    283.2760
   1113.5000    283.3060
   1114.5000    283.3310
   1115.5000    283.3560
   1116.5000    283.3800
   1117.5000    283.4010
   1118.5000    283.4200
   1119.5000    283.4480
   1120.5000    283.4730
   1121.5000    283.4940
   1122.5000    283.5170
   1123.5000    283.5430
   1124.5000    283.5650
   1125.5000    283.5870
   1126.5000    283.6100
   1127.5000    283.6310
   1128.5000    283.6550
   1129.5000    283.6750
   1130.5000    283.6990
   1131.5000    283.7190
   1132.5000    283.7390
   1133.5000    283.7580
   1134.5000    283.7790
   1135.5000    283.7950
   1136.5000    283.8140
   1137.5000    283.8360
   1138.5000    283.8540
   1139.5000    283.8770
   1140.5000    283.8930
   1141.5000    283.9130
   1142.5000    283.9290
   1143.5000    283.9480
   1144.5000    283.9610
   1145.5000    283.9820
   1146.5000    283.9990
   1147.5000    284.0100
   1148.5000    284.0280
   1149.5000    284.0480
   1150.5000    284.0580
   1151.5000    284.0710
   1152.5000    284.0960
   1153.5000    284.1120
   1154.5000    284.1250
   1155.5000    284.1310
   1156.5000    284.1410
   1157.5000    284.1520
   1158.5000    284.1580
   1159.5000    284.1650
   1160.5000    284.1640
   1161.5000    284.1640
   1162.5000    284.1660
   1163.5000    284.1680
   1164.5000    284.1690
   1165.5000    284.1690
   1166.5000    284.1680
   1167.5000    284.1640
   1168.5000    284.1670
   1169.5000    284.1650
   1170.5000    284.1650
   1171.5000    284.1640
   1172.5000    284.1590
   1173.5000    284.1640
   1174.5000    284.1640
   1175.5000    284.1660
   1176.5000    284.1650
   1177.5000    284.1640
   1178.5000    284.1600
   1179.5000    284.1570
   1180.5000    284.1560
   1181.5000    284.1500
   1182.5000    284.1450
   1183.5000    284.1280
   1184.5000    284.0980
   1185.5000    284.0700
   1186.5000    284.0550
   1187.5000    284.0450
   1188.5000    284.0220
   1189.5000    283.9990
   1190.5000    283.9670
   1191.5000    283.9420
   1192.5000    283.9240
   1193.5000    283.8960
   1194.5000    283.8760
   1195.5000    283.8460
   1196.5000    283.8160
   1197.5000    283.7970
   1198.5000    283.7690
   1199.5000    283.7440
   1200.5000    283.7260
   1201.5000    283.6990
   1202.5000    283.6790
   1203.5000    283.6610
   1204.5000    283.6460
   1205.5000    283.6300
   1206.5000    283.6110
   1207.5000    283.5890
   1208.5000    283.5660
   1209.5000    283.5450
   1210.5000    283.5200
   1211.5000    283.4980
   1212.5000    283.4730
   1213.5000    283.4520
   1214.5000    283.4230
   1215.5000    283.4000
   1216.5000    283.3710
   1217.5000    283.3420
   1218.5000    283.3110
   1219.5000    283.2820
   1220.5000    283.2560
   1221.5000    283.2250
   1222.5000    283.1950
   1223.5000    283.1750
   1224.5000    283.1520
   1225.5000    283.1280
   1226.5000    283.1060
   1227.5000    283.0890
   1228.5000    283.0600
   1229.5000    283.0340
   1230.5000    283.0140
   1231.5000    282.9960
   1232.5000    282.9830
   1233.5000    282.9540
   1234.5000    282.9320
   1235.5000    282.9120
   1236.5000    282.8890
   1237.5000    282.8580
   1238.5000    282.8350
   1239.5000    282.8150
   1240.5000    282.7900
   1241.5000    282.7580
   1242.5000    282.7240
   1243.5000    282.6980
   1244.5000    282.6700
   1245.5000    282.6430
   1246.5000    282.6130
   1247.5000    282.5840
   1248.5000    282.5510
   1249.5000    282.5170
   1250.5000    282.4780
   1251.5000    282.4460
   1252.5000    282.4200
   1253.5000    282.3940
   1254.5000    282.3590
   1255.5000    282.3330
   1256.5000    282.2990
   1257.5000    282.2730
   1258.5000    282.2330
   1259.5000    282.2020
   1260.5000    282.1730
   1261.5000    282.1420
   1262.5000    282.1140
   1263.5000    282.0860
   1264.5000    282.0600
   1265.5000    282.0280
   1266.5000    282.0040
   1267.5000    281.9840
   1268.5000    281.9670
   1269.5000    281.9400
   1270.5000    281.9290
   1271.5000    281.9100
   1272.5000    281.8880
   1273.5000    281.8700
   1274.5000    281.8600
   1275.5000    281.8440
   1276.5000    281.8350
   1277.5000    281.8170
   1278.5000    281.7990
   1279.5000    281.7870
   1280.5000    281.7810
   1281.5000    281.7740
   1282.5000    281.7610
   1283.5000    281.7450
   1284.5000    281.7220
   1285.5000    281.7070
   1286.5000    281.6980
   1287.5000    281.6860
   1288.5000    281.6710
   1289.5000    281.6560
   1290.5000    281.6350
   1291.5000    281.6150
   1292.5000    281.6050
   1293.5000    281.5960
   1294.5000    281.5910
   1295.5000    281.5810
   1296.5000    281.5750
   1297.5000    281.5640
   1298.5000    281.5590
   1299.5000    281.5540
   1300.5000    281.5420
   1301.5000    281.5380
   1302.5000    281.5300
   1303.5000    281.5240
   1304.5000    281.5170
   1305.5000    281.5120
   1306.5000    281.5030
   1307.5000    281.4940
   1308.5000    281.4870
   1309.5000    281.4810
   1310.5000    281.4710
   1311.5000    281.4540
   1312.5000    281.4350
   1313.5000    281.4200
   1314.5000    281.3940
   1315.5000    281.3760
   1316.5000    281.3560
   1317.5000    281.3280
   1318.5000    281.2940
   1319.5000    281.2780
   1320.5000    281.2590
   1321.5000    281.2370
   1322.5000    281.2320
   1323.5000    281.2170
   1324.5000    281.2050
   1325.5000    281.2000
   1326.5000    281.1970
   1327.5000    281.1820
   1328.5000    281.1670
   1329.5000    281.1670
   1330.5000    281.1640
   1331.5000    281.1620
   1332.5000    281.1560
   1333.5000    281.1660
   1334.5000    281.1640
   1335.5000    281.1720
   1336.5000    281.1740
   1337.5000    281.1630
   1338.5000    281.1600
   1339.5000    281.1560
   1340.5000    281.1390
   1341.5000    281.1170
   1342.5000    281.0870
   1343.5000    281.0630
   1344.5000    281.0460
   1345.5000    281.0270
   1346.5000    281.0170
   1347.5000    281.0140
   1348.5000    281.0060
   1349.5000    280.9960
   1350.5000    280.9900
   1351.5000    280.9850
   1352.5000    280.9850
   1353.5000    280.9860
   1354.5000    280.9820
   1355.5000    280.9790
   1356.5000    280.9700
   1357.5000    280.9630
   1358.5000    280.9490
   1359.5000    280.9340
   1360.5000    280.9210
   1361.5000    280.9130
   1362.5000    280.8990
   1363.5000    280.8790
   1364.5000    280.8640
   1365.5000    280.8340
   1366.5000    280.8240
   1367.5000    280.8110
   1368.5000    280.7980
   1369.5000    280.7750
   1370.5000    280.7590
   1371.5000    280.7460
   1372.5000    280.7320
   1373.5000    280.7170
   1374.5000    280.7050
   1375.5000    280.6910
   1376.5000    280.6800
   1377.5000    280.6700
   1378.5000    280.6620
   1379.5000    280.6500
   1380.5000    280.6380
   1381.5000    280.6340
   1382.5000    280.6360
   1383.5000    280.6360
   1384.5000    280.6310
   1385.5000    280.6260
   1386.5000    280.6300
   1387.5000    280.6270
   1388.5000    280.6110
   1389.5000    280.6020
   1390.5000    280.6050
   1391.5000    280.5960
   1392.5000    280.5850
   1393.5000    280.5680
   1394.5000    280.5520
   1395.5000    280.5400
   1396.5000    280.5180
   1397.5000    280.4990
   1398.5000    280.4830
   1399.5000    280.4640
   1400.5000    280.4450
   1401.5000    280.4250
   1402.5000    280.4060
   1403.5000    280.3870
   1404.5000    280.3760
   1405.5000    280.3690
   1406.5000    280.3590
   1407.5000    280.3580
   1408.5000    280.3490
   1409.5000    280.3470
   1410.5000    280.3440
   1411.5000    280.3390
   1412.5000    280.3300
   1413.5000    280.3240
   1414.5000    280.3180
   1415.5000    280.3040
   1416.5000    280.2980
   1417.5000    280.2900
   1418.5000    280.2810
   1419.5000    280.2740
   1420.5000    280.2720
   1421.5000    280.2660
   1422.5000    280.2630
   1423.5000    280.2740
   1424.5000    280.3000
   1425.5000    280.3040
   1426.5000    280.3240
   1427.5000    280.3340
   1428.5000    280.3760
   1429.5000    280.4100
   1430.5000    280.4220
   1431.5000    280.4270
   1432.5000    280.4250
   1433.5000    280.4340
   1434.5000    280.4380
   1435.5000    280.4280
   1436.5000    280.4650
   1437.5000    280.4870
   1438.5000    280.5180
   1439.5000    280.5510
   1440.5000    280.5790
   1441.5000    280.6300
   1442.5000    280.6720
   1443.5000    280.7160
   1444.5000    280.7540
   1445.5000    280.7900
   1446.5000    280.8290
   1447.5000    280.8690
   1448.5000    280.9110
   1449.5000    280.9510
   1450.5000    280.9900
   1451.5000    281.0240
   1452.5000    281.0580
   1453.5000    281.0880
   1454.5000    281.1020
   1455.5000    281.1090
   1456.5000    281.1150
   1457.5000    281.1020
   1458.5000    281.1100
   1459.5000    281.1340
   1460.5000    281.1600
   1461.5000    281.1790
   1462.5000    281.1940
   1463.5000    281.2310
   1464.5000    281.2650
   1465.5000    281.3010
   1466.5000    281.3360
   1467.5000    281.3780
   1468.5000    281.4140
   1469.5000    281.4550
   1470.5000    281.4700
   1471.5000    281.4930
   1472.5000    281.5210
   1473.5000    281.5590
   1474.5000    281.5910
   1475.5000    281.6290
   1476.5000    281.6590
   1477.5000    281.7100
   1478.5000    281.7630
   1479.5000    281.8240
   1480.5000    281.8770
   1481.5000    281.9310
   1482.5000    281.9900
   1483.5000    282.0470
   1484.5000    282.1060
   1485.5000    282.1640
   1486.5000    282.2250
   1487.5000    282.2750
   1488.5000    282.3290
   1489.5000    282.3920
   1490.5000    282.4480
   1491.5000    282.5010
   1492.5000    282.5600
   1493.5000    282.6130
   1494.5000    282.6700
   1495.5000    282.7230
   1496.5000    282.7750
   1497.5000    282.8310
   1498.5000    282.8880
   1499.5000    282.9400
   1500.5000    282.9960
   1501.5000    283.0410
   1502.5000    283.0870
   1503.5000    283.1360
   1504.5000    283.1780
   1505.5000    283.2180
   1506.5000    283.2480
   1507.5000    283.2740
   1508.5000    283.3020
   1509.5000    283.3330
   1510.5000    283.3710
   1511.5000    283.4040
   1512.5000    283.4360
   1513.5000    283.4670
   1514.5000    283.5000
   1515.5000    283.5290
   1516.5000    283.5380
   1517.5000    283.5550
   1518.5000    283.5580
   1519.5000    283.5580
   1520.5000    283.5590
   1521.5000    283.5480
   1522.5000    283.5400
   1523.5000    283.5280
   1524.5000    283.5130
   1525.5000    283.5040
   1526.5000    283.4940
   1527.5000    283.4830
   1528.5000    283.4810
   1529.5000    283.4820
   1530.5000    283.4720
   1531.5000    283.4530
   1532.5000    283.4600
   1533.5000    283.4580
   1534.5000    283.4540
   1535.5000    283.4420
   1536.5000    283.4290
   1537.5000    283.4020
   1538.5000    283.3800
   1539.5000    283.3390
   1540.5000    283.3110
   1541.5000    283.2550
   1542.5000    283.2080
   1543.5000    283.1540
   1544.5000    283.0910
   1545.5000    283.0340
   1546.5000    282.9830
   1547.5000    282.9210
   1548.5000    282.8660
   1549.5000    282.7990
   1550.5000    282.7370
   1551.5000    282.6870
   1552.5000    282.6260
   1553.5000    282.5650
   1554.5000    282.4950
   1555.5000    282.4490
   1556.5000    282.3950
   1557.5000    282.3340
   1558.5000    282.2630
   1559.5000    282.2140
   1560.5000    282.1470
   1561.5000    282.0800
   1562.5000    282.0110
   1563.5000    281.9300
   1564.5000    281.8560
   1565.5000    281.7870
   1566.5000    281.7130
   1567.5000    281.6210
   1568.5000    281.5370
   1569.5000    281.4610
   1570.5000    281.3770
   1571.5000    281.3020
   1572.5000    281.2290
   1573.5000    281.1450
   1574.5000    281.0500
   1575.5000    280.9560
   1576.5000    280.8680
   1577.5000    280.7740
   1578.5000    280.6800
   1579.5000    280.5840
   1580.5000    280.4800
   1581.5000    280.3820
   1582.5000    280.2810
   1583.5000    280.1800
   1584.5000    280.0830
   1585.5000    279.9860
   1586.5000    279.8860
   1587.5000    279.7840
   1588.5000    279.6750
   1589.5000    279.5690
   1590.5000    279.4670
   1591.5000    279.3530
   1592.5000    279.2370
   1593.5000    279.1170
   1594.5000    278.9860
   1595.5000    278.8670
   1596.5000    278.7310
   1597.5000    278.6190
   1598.5000    278.5310
   1599.5000    278.4400
   1600.5000    278.3760
   1601.5000    278.3050
   1602.5000    278.2170
   1603.5000    278.1400
   1604.5000    278.0630
   1605.5000    278.0030
   1606.5000    277.9570
   1607.5000    277.8960
   1608.5000    277.8210
   1609.5000    277.7930
   1610.5000    277.7600
   1611.5000    277.7640
   1612.5000    277.7560
   1613.5000    277.7060
   1614.5000    277.6360
   1615.5000    277.5710
   1616.5000    277.4970
   1617.5000    277.4340
   1618.5000    277.3590
   1619.5000    277.2870
   1620.5000    277.2190
   1621.5000    277.1630
   1622.5000    277.0910
   1623.5000    277.0400
   1624.5000    276.9950
   1625.5000    276.9380
   1626.5000    276.8820
   1627.5000    276.8440
   1628.5000    276.7960
   1629.5000    276.7500
   1630.5000    276.7150
   1631.5000    276.6800
   1632.5000    276.6530
   1633.5000    276.6270
   1634.5000    276.6050
   1635.5000    276.5800
   1636.5000    276.5530
   1637.5000    276.5370
   1638.5000    276.5180
   1639.5000    276.5020
   1640.5000    276.4900
   1641.5000    276.4820
   1642.5000    276.4730
   1643.5000    276.4650
   1644.5000    276.4530
   1645.5000    276.4410
   1646.5000    276.4350
   1647.5000    276.4300
   1648.5000    276.4230
   1649.5000    276.4170
   1650.5000    276.4080
   1651.5000    276.3970
   1652.5000    276.3990
   1653.5000    276.3860
   1654.5000    276.3710
   1655.5000    276.3640
   1656.5000    276.3590
   1657.5000    276.3450
   1658.5000    276.3320
   1659.5000    276.3190
   1660.5000    276.3080
   1661.5000    276.3080
   1662.5000    276.2950
   1663.5000    276.2980
   1664.5000    276.2850
   1665.5000    276.2740
   1666.5000    276.2720
   1667.5000    276.2810
   1668.5000    276.2850
   1669.5000    276.2910
   1670.5000    276.3050
   1671.5000    276.3150
   1672.5000    276.3320
   1673.5000    276.3480
   1674.5000    276.3680
   1675.5000    276.3670
   1676.5000    276.3870
   1677.5000    276.4060
   1678.5000    276.4380
   1679.5000    276.4620
   1680.5000    276.5050
   1681.5000    276.5360
   1682.5000    276.5690
   1683.5000    276.6080
   1684.5000    276.6340
   1685.5000    276.6540
   1686.5000    276.6770
   1687.5000    276.6960
   1688.5000    276.7100
   1689.5000    276.7110
   1690.5000    276.7280
   1691.5000    276.7240
   1692.5000    276.7300
   1693.5000    276.7490
   1694.5000    276.7470
   1695.5000    276.7500
   1696.5000    276.7390
   1697.5000    276.7460
   1698.5000    276.7480
   1699.5000    276.7470
   1700.5000    276.7460
   1701.5000    276.7500
   1702.5000    276.7580
   1703.5000    276.7570
   1704.5000    276.7550
   1705.5000    276.7490
   1706.5000    276.7430
   1707.5000    276.7450
   1708.5000    276.7390
   1709.5000    276.7360
   1710.5000    276.7410
   1711.5000    276.7330
   1712.5000    276.7310
   1713.5000    276.7250
   1714.5000    276.7230
   1715.5000    276.7170
   1716.5000    276.7160
   1717.5000    276.7170
   1718.5000    276.7100
   1719.5000    276.7060
   1720.5000    276.6950
   1721.5000    276.6980
   1722.5000    276.7010
   1723.5000    276.7000
   1724.5000    276.7080
   1725.5000    276.7180
   1726.5000    276.7190
   1727.5000    276.7120
   1728.5000    276.7070
   1729.5000    276.7150
   1730.5000    276.7230
   1731.5000    276.7300
   1732.5000    276.7330
   1733.5000    276.7390
   1734.5000    276.7530
   1735.5000    276.7600
   1736.5000    276.7730
   1737.5000    276.7900
   1738.5000    276.8120
   1739.5000    276.8350
   1740.5000    276.8550
   1741.5000    276.8760
   1742.5000    276.9010
   1743.5000    276.9260
   1744.5000    276.9530
   1745.5000    276.9860
   1746.5000    277.0140
   1747.5000    277.0440
   1748.5000    277.0800
   1749.5000    277.1090
   1750.5000    277.1470
   1751.5000    277.1880
   1752.5000    277.2290
   1753.5000    277.2630
   1754.5000    277.3040
   1755.5000    277.3510
   1756.5000    277.3890
   1757.5000    277.4420
   1758.5000    277.4890
   1759.5000    277.5400
   1760.5000    277.6050
   1761.5000    277.6640
   1762.5000    277.7320
   1763.5000    277.7960
   1764.5000    277.8590
   1765.5000    277.9130
   1766.5000    277.9580
   1767.5000    278.0170
   1768.5000    278.0780
   1769.5000    278.1350
   1770.5000    278.1940
   1771.5000    278.2700
   1772.5000    278.3340
   1773.5000    278.4120
   1774.5000    278.4910
   1775.5000    278.5860
   1776.5000    278.6830
   1777.5000    278.7740
   1778.5000    278.8660
   1779.5000    278.9590
   1780.5000    279.0540
   1781.5000    279.1450
   1782.5000    279.2430
   1783.5000    279.3400
   1784.5000    279.4340
   1785.5000    279.5320
   1786.5000    279.6290
   1787.5000    279.7290
   1788.5000    279.8310
   1789.5000    279.9330
   1790.5000    280.0370
   1791.5000    280.1410
   1792.5000    280.2410
   1793.5000    280.3320
   1794.5000    280.4150
   1795.5000    280.4920
   1796.5000    280.5550
   1797.5000    280.6230
   1798.5000    280.6820
   1799.5000    280.7530
   1800.5000    280.8340
   1801.5000    280.9190
   1802.5000    280.9940
   1803.5000    281.0730
   1804.5000    281.1570
   1805.5000    281.2340
   1806.5000    281.3220
   1807.5000    281.4090
   1808.5000    281.4960
   1809.5000    281.5660
   1810.5000    281.6480
   1811.5000    281.7180
   1812.5000    281.7900
   1813.5000    281.8580
   1814.5000    281.9310
   1815.5000    281.9920
   1816.5000    282.0590
   1817.5000    282.1270
   1818.5000    282.2000
   1819.5000    282.2720
   1820.5000    282.3460
   1821.5000    282.4150
   1822.5000    282.4770
   1823.5000    282.5400
   1824.5000    282.6180
   1825.5000    282.6760
   1826.5000    282.6930
   1827.5000    282.6930
   1828.5000    282.7080
   1829.5000    282.7610
   1830.5000    282.8250
   1831.5000    282.8910
   1832.5000    282.9220
   1833.5000    282.9660
   1834.5000    283.0280
   1835.5000    283.0860
   1836.5000    283.1490
   1837.5000    283.1980
   1838.5000    283.2530
   1839.5000    283.3110
   1840.5000    283.3820
   1841.5000    283.4670
   1842.5000    283.5280
   1843.5000    283.5660
   1844.5000    283.6090
   1845.5000    283.7250
   1846.5000    283.8470
   1847.5000    283.9360
   1848.5000    284.0680
   1849.5000    284.2070
   1850.5000    284.3170
   1851.5000    284.4510
   1852.5000    284.5980
   1853.5000    284.7310
   1854.5000    284.8460
   1855.5000    284.9410
   1856.5000    285.0490
   1857.5000    285.2040
   1858.5000    285.3690
   1859.5000    285.5450
   1860.5000    285.7390
   1861.5000    285.9330
   1862.5000    286.1000
   1863.5000    286.2710
   1864.5000    286.4420
   1865.5000    286.6140
   1866.5000    286.7810
   1867.5000    286.9550
   1868.5000    287.1050
   1869.5000    287.2250
   1870.5000    287.3550
   1871.5000    287.4940
   1872.5000    287.6640
   1873.5000    287.8600
   1874.5000    288.0610
   1875.5000    288.2910
   1876.5000    288.5200
   1877.5000    288.7520
   1878.5000    288.9930
   1879.5000    289.2210
   1880.5000    289.4700
   1881.5000    289.7370
   1882.5000    290.0190
   1883.5000    290.2630
   1884.5000    290.5120
   1885.5000    290.7970
   1886.5000    291.1000
   1887.5000    291.4140
   1888.5000    291.7630
   1889.5000    292.1130
   1890.5000    292.4580
   1891.5000    292.8160
   1892.5000    293.1670
   1893.5000    293.4770
   1894.5000    293.7910
   1895.5000    294.0790
   1896.5000    294.3650
   1897.5000    294.6460
   1898.5000    294.9540
   1899.5000    295.3000
   1900.5000    295.6750
   1901.5000    296.0070
   1902.5000    296.3250
   1903.5000    296.6540
   1904.5000    296.9540
   1905.5000    297.2890
   1906.5000    297.6620
   1907.5000    298.0980
   1908.5000    298.5180
   1909.5000    298.9360
   1910.5000    299.3770
   1911.5000    299.8290
   1912.5000    300.3530
   1913.5000    300.9100
   1914.5000    301.4190
   1915.5000    301.9370
   1916.5000    302.4850
   1917.5000    303.0110
   1918.5000    303.4490
   1919.5000    303.8140
   1920.5000    304.2460
   1921.5000    304.6000
   1922.5000    304.9450
   1923.5000    305.2710
   1924.5000    305.6300
   1925.5000    305.8130
   1926.5000    305.9540
   1927.5000    306.1770
   1928.5000    306.3290
   1929.5000    306.4950
   1930.5000    306.6200
   1931.5000    306.8220
   1932.5000    307.0930
   1933.5000    307.4020
   1934.5000    307.7850
   1935.5000    308.2270
   1936.5000    309.0120
   1937.5000    309.7640
   1938.5000    310.2940
   1939.5000    310.8510
   1940.5000    311.3570
   1941.5000    311.8110
   1942.5000    312.1720
   1943.5000    312.3900
   1944.5000    312.4130
   1945.5000    312.3850
   1946.5000    312.3900
   1947.5000    312.4860
   1948.5000    312.5210
   1949.5000    312.6320
   1950.5000    312.8210
   1951.5000    313.0140
   1952.5000    313.3420
   1953.5000    313.7300
   1954.5000    314.0950
   1955.5000    314.4150
   1956.5000    314.6980
   1957.5000    314.9920
   1958.5000    315.3450
   1959.5000    315.8070
   1960.5000    316.6250
   1961.5000    317.2990
   1962.5000    318.0440
   1963.5000    318.6500
   1964.5000    319.3329
   1965.5000    319.8159
   1966.5000    320.8800
   1967.5000    321.4799
   1968.5000    322.3889
   1969.5000    323.2509
   1970.5000    324.7830
   1971.5000    325.4000
   1972.5000    327.3490
   1973.5000    329.9090
   1974.5000    330.7560
   1975.5000    330.8270
   1976.5000    331.5450
   1977.5000    333.3529
   1978.5000    335.0099
   1979.5000    336.6049
   1980.5000    338.7050
   1981.5000    340.0590
   1982.5000    340.6440
   1983.5000    342.2660
   1984.5000    344.0079
   1985.5000    345.4590
   1986.5000    346.9030
   1987.5000    348.7749
   1988.5000    351.2759
   1989.5000    352.8939
   1990.5000    354.0729
   1991.5000    355.3529
   1992.5000    356.2289
   1993.5000    356.9250
   1994.5000    358.2540
   1995.5000    360.2390
   1996.5000    362.0050
   1997.5000    363.2520
   1998.5000    365.9330
   1999.5000    367.8450
   2000.5000    369.1250
   2001.5000    370.6730
   2002.5000    372.8350
   2003.5000    375.4110
   2004.5000    376.9870
   2005.5000    378.9070
   2006.5000    381.0100
   2007.5000    382.6030
   2008.5000    384.7390
   2009.5000    386.2800
   2010.5000    388.7170
   2011.5000    390.9440
   2012.5000    393.0160
   2013.5000    395.7250
   2014.5000    397.5470
   2015.5000    399.9488
   2016.5000    403.1169
   2017.5000    405.7940
   2018.5000    408.7600
   2019.5000    411.7899
   2020.5000    414.8910
   2021.5000    418.0650
   2022.5000    421.3350
   2023.5000    424.7209
   2024.5000    428.2199
   2025.5000    431.8300
   2026.5000    435.5499
   2027.5000    439.3780
   2028.5000    443.3149
   2029.5000    447.3610
   2030.5000    451.5150
   2031.5000    455.7789
   2032.5000    460.1639
   2033.5000    464.6819
   2034.5000    469.3310
   2035.5000    474.1119
   2036.5000    479.0249
   2037.5000    484.0720
   2038.5000    489.2520
   2039.5000    494.5669
   2040.5000    500.0189
   2041.5000    505.6079
   2042.5000    511.3419
   2043.5000    517.2279
   2044.5000    523.2669
   2045.5000    529.4599
   2046.5000    535.8090
   2047.5000    542.3139
   2048.5000    548.9769
   2049.5000    555.7999
   2050.5000    562.7839
   2051.5000    569.9299
   2052.5000    577.2579
   2053.5000    584.7839
   2054.5000    592.5069
   2055.5000    600.4289
   2056.5000    608.5499
   2057.5000    616.8699
   2058.5000    625.3909
   2059.5000    634.1139
   2060.5000    643.0409
   2061.5000    652.1719
   2062.5000    661.5069
   2063.5000    671.0449
   2064.5000    680.7889
   2065.5000    690.7389
   2066.5000    700.8989
   2067.5000    711.2689
   2068.5000    721.8509
   2069.5000    732.6479
   2070.5000    743.6619
   2071.5000    754.8929
   2072.5000    766.3229
   2073.5000    777.9299
   2074.5000    789.7189
   2075.5000    801.6909
   2076.5000    813.8478
   2077.5000    826.1929
   2078.5000    838.7269
   2079.5000    851.4518
   2080.5000    864.3688
   2081.5000    877.4799
   2082.5000    890.7089
   2083.5000    903.9808
   2084.5000    917.3008
   2085.5000    930.6709
   2086.5000    944.0919
   2087.5000    957.5669
   2088.5000    971.0959
   2089.5000    984.6808
   2090.5000    998.3209
   2091.5000   1012.0199
   2092.5000   1025.7399
   2093.5000   1039.4498
   2094.5000   1053.1499
   2095.5000   1066.8499
   2096.5000   1080.5299
   2097.5000   1094.2098
   2098.5000   1107.8899
   2099.5000   1121.5499
   2100.5000   1135.2098
   2101.5000   1148.8599
   2102.5000   1162.4698
   2103.5000   1176.0299
   2104.5000   1189.5299
   2105.5000   1202.9799
   2106.5000   1216.3699
   2107.5000   1229.6998
   2108.5000   1242.9698
   2109.5000   1256.1898
   2110.5000   1269.3500
   2111.5000   1282.4498
   2112.5000   1295.4899
   2113.5000   1308.4698
   2114.5000   1321.3899
   2115.5000   1334.2499
   2116.5000   1347.0498
   2117.5000   1359.7799
   2118.5000   1372.4398
   2119.5000   1385.0399
   2120.5000   1397.5698
   2121.5000   1410.0399
   2122.5000   1422.4299
   2123.5000   1434.7599
   2124.5000   1447.0099
   2125.5000   1459.1899
   2126.5000   1471.2899
   2127.5000   1483.3198
   2128.5000   1495.2799
   2129.5000   1507.1599
   2130.5000   1518.9600
   2131.5000   1530.6799
   2132.5000   1542.3199
   2133.5000   1553.8799
   2134.5000   1565.3599
   2135.5000   1576.7599
   2136.5000   1588.0800
   2137.5000   1599.3099
   2138.5000   1610.4498
   2139.5000   1621.5099
   2140.5000   1632.4899
   2141.5000   1643.3799
   2142.5000   1654.1699
   2143.5000   1664.8799
   2144.5000   1675.5100
   2145.5000   1686.0399
   2146.5000   1696.4799
   2147.5000   1706.8198
   2148.5000   1717.0800
   2149.5000   1727.2400
   2150.5000   1737.3199
   2151.5000   1747.2899
   2152.5000   1757.1699
   2153.5000   1766.9500
   2154.5000   1776.6399
   2155.5000   1786.2200
   2156.5000   1795.7000
   2157.5000   1805.0800
   2158.5000   1814.3599
   2159.5000   1823.5399
   2160.5000   1832.6100
   2161.5000   1841.5798
   2162.5000   1850.4600
   2163.5000   1859.2200
   2164.5000   1867.8899
   2165.5000   1876.4500
   2166.5000   1884.8999
   2167.5000   1893.2400
   2168.5000   1901.4900
   2169.5000   1909.6199
   2170.5000   1917.6499
   2171.5000   1925.5800
   2172.5000   1933.3999
   2173.5000   1941.1099
   2174.5000   1948.7100
   2175.5000   1956.2100
   2176.5000   1963.6000
   2177.5000   1970.8800
   2178.5000   1978.0499
   2179.5000   1985.1100
   2180.5000   1992.0699
   2181.5000   1998.9299
   2182.5000   2005.6699
   2183.5000   2012.2999
   2184.5000   2018.8300
   2185.5000   2025.2500
   2186.5000   2031.5601
   2187.5000   2037.7600
   2188.5000   2043.8500
   2189.5000   2049.8101
   2190.5000   2055.6599
   2191.5000   2061.4199
   2192.5000   2067.0898
   2193.5000   2072.6399
   2194.5000   2078.0601
   2195.5000   2083.3799
   2196.5000   2088.5901
   2197.5000   2093.6799
   2198.5000   2098.6699
   2199.5000   2103.5400
   2200.5000   2108.3101
   2201.5000   2112.9600
   2202.5000   2117.5100
   2203.5000   2121.9500
   2204.5000   2126.2700
   2205.5000   2130.4900
   2206.5000   2134.5898
   2207.5000   2138.5999
   2208.5000   2142.4800
   2209.5000   2146.2600
   2210.5000   2149.9299
   2211.5000   2153.4800
   2212.5000   2156.9199
   2213.5000   2160.2400
   2214.5000   2163.4600
   2215.5000   2166.5698
   2216.5000   2169.5801
   2217.5000   2172.4800
   2218.5000   2175.2700
   2219.5000   2177.9302
   2220.5000   2180.4900
   2221.5000   2182.9500
   2222.5000   2185.2900
   2223.5000   2187.5200
   2224.5000   2189.6499
   2225.5000   2191.6699
   2226.5000   2193.5701
   2227.5000   2195.3301
   2228.5000   2197.0100
   2229.5000   2198.5901
   2230.5000   2200.0701
   2231.5000   2201.4299
   2232.5000   2202.6599
   2233.5000   2203.7900
   2234.5000   2204.8101
   2235.5000   2205.7300
   2236.5000   2206.5300
   2237.5000   2207.2300
   2238.5000   2207.8101
   2239.5000   2208.2900
   2240.5000   2208.6499
   2241.5000   2208.9099
   2242.5000   2209.0701
   2243.5000   2209.1099
   2244.5000   2209.0300
   2245.5000   2208.8398
   2246.5000   2208.5701
   2247.5000   2208.1902
   2248.5000   2207.6899
   2249.5000   2207.0701
   2250.5000   2206.3501
   2251.5000   2205.5200
   2252.5000   2204.6399
   2253.5000   2203.7500
   2254.5000   2202.8599
   2255.5000   2201.9700
   2256.5000   2201.1001
   2257.5000   2200.2200
   2258.5000   2199.3398
   2259.5000   2198.4399
   2260.5000   2197.5400
   2261.5000   2196.6299
   2262.5000   2195.7300
   2263.5000   2194.8298
   2264.5000   2193.9500
   2265.5000   2193.0601
   2266.5000   2192.1599
   2267.5000   2191.2500
   2268.5000   2190.3401
   2269.5000   2189.4302
   2270.5000   2188.5300
   2271.5000   2187.6199
   2272.5000   2186.7200
   2273.5000   2185.8201
   2274.5000   2184.8999
   2275.5000   2183.9900
   2276.5000   2183.0901
   2277.5000   2182.1899
   2278.5000   2181.2900
   2279.5000   2180.3999
   2280.5000   2179.5000
   2281.5000   2178.6001
   2282.5000   2177.7000
   2283.5000   2176.8000
   2284.5000   2175.9102
   2285.5000   2175.0100
   2286.5000   2174.1199
   2287.5000   2173.2300
   2288.5000   2172.3401
   2289.5000   2171.4600
   2290.5000   2170.5701
   2291.5000   2169.6799
   2292.5000   2168.7900
   2293.5000   2167.9102
   2294.5000   2167.0300
   2295.5000   2166.1401
   2296.5000   2165.2700
   2297.5000   2164.3999
   2298.5000   2163.5200
   2299.5000   2162.6301
   2300.5000   2161.7400
   2301.5000   2160.8699
   2302.5000   2160.0000
   2303.5000   2159.1399
   2304.5000   2158.2700
   2305.5000   2157.3999
   2306.5000   2156.5300
   2307.5000   2155.6602
   2308.5000   2154.7900
   2309.5000   2153.9199
   2310.5000   2153.0601
   2311.5000   2152.2200
   2312.5000   2151.3699
   2313.5000   2150.5200
   2314.5000   2149.6599
   2315.5000   2148.8101
   2316.5000   2147.9500
   2317.5000   2147.0901
   2318.5000   2146.2400
   2319.5000   2145.3901
   2320.5000   2144.5400
   2321.5000   2143.7002
   2322.5000   2142.8599
   2323.5000   2142.0200
   2324.5000   2141.1699
   2325.5000   2140.3101
   2326.5000   2139.4600
   2327.5000   2138.6201
   2328.5000   2137.8000
   2329.5000   2136.9600
   2330.5000   2136.1401
   2331.5000   2135.3201
   2332.5000   2134.4700
   2333.5000   2133.6201
   2334.5000   2132.8000
   2335.5000   2131.9900
   2336.5000   2131.1399
   2337.5000   2130.2900
   2338.5000   2129.4700
   2339.5000   2128.6499
   2340.5000   2127.8301
   2341.5000   2127.0000
   2342.5000   2126.1799
   2343.5000   2125.3799
   2344.5000   2124.5701
   2345.5000   2123.7500
   2346.5000   2122.9199
   2347.5000   2122.1001
   2348.5000   2121.2900
   2349.5000   2120.4800
   2350.5000   2119.6699
   2351.5000   2118.8601
   2352.5000   2118.0500
   2353.5000   2117.2400
   2354.5000   2116.4302
   2355.5000   2115.6301
   2356.5000   2114.8201
   2357.5000   2114.0200
   2358.5000   2113.2100
   2359.5000   2112.4099
   2360.5000   2111.6001
   2361.5000   2110.8101
   2362.5000   2110.0100
   2363.5000   2109.2200
   2364.5000   2108.4202
   2365.5000   2107.6199
   2366.5000   2106.8301
   2367.5000   2106.0300
   2368.5000   2105.2400
   2369.5000   2104.4500
   2370.5000   2103.6602
   2371.5000   2102.8801
   2372.5000   2102.0898
   2373.5000   2101.3000
   2374.5000   2100.5300
   2375.5000   2099.7400
   2376.5000   2098.9500
   2377.5000   2098.1699
   2378.5000   2097.3901
   2379.5000   2096.6099
   2380.5000   2095.8301
   2381.5000   2095.0400
   2382.5000   2094.2600
   2383.5000   2093.4900
   2384.5000   2092.7300
   2385.5000   2091.9502
   2386.5000   2091.1702
   2387.5000   2090.3899
   2388.5000   2089.6201
   2389.5000   2088.8699
   2390.5000   2088.0901
   2391.5000   2087.3000
   2392.5000   2086.5500
   2393.5000   2085.8000
   2394.5000   2085.0300
   2395.5000   2084.2500
   2396.5000   2083.4800
   2397.5000   2082.7300
   2398.5000   2081.9700
   2399.5000   2081.2300
   2400.5000   2080.4800
   2401.5000   2079.7000
   2402.5000   2078.9500
   2403.5000   2078.2200
   2404.5000   2077.4600
   2405.5000   2076.6899
   2406.5000   2075.9399
   2407.5000   2075.1899
   2408.5000   2074.4399
   2409.5000   2073.6902
   2410.5000   2072.9500
   2411.5000   2072.2000
   2412.5000   2071.4399
   2413.5000   2070.7100
   2414.5000   2069.9700
   2415.5000   2069.2200
   2416.5000   2068.4800
   2417.5000   2067.7400
   2418.5000   2067.0000
   2419.5000   2066.2600
   2420.5000   2065.5300
   2421.5000   2064.7900
   2422.5000   2064.0500
   2423.5000   2063.3201
   2424.5000   2062.5901
   2425.5000   2061.8601
   2426.5000   2061.1301
   2427.5000   2060.4001
   2428.5000   2059.6602
   2429.5000   2058.9299
   2430.5000   2058.2100
   2431.5000   2057.4900
   2432.5000   2056.7700
   2433.5000   2056.0500
   2434.5000   2055.3201
   2435.5000   2054.6001
   2436.5000   2053.8701
   2437.5000   2053.1399
   2438.5000   2052.4199
   2439.5000   2051.7000
   2440.5000   2050.9800
   2441.5000   2050.2600
   2442.5000   2049.5500
   2443.5000   2048.8301
   2444.5000   2048.1199
   2445.5000   2047.4100
   2446.5000   2046.7000
   2447.5000   2045.9800
   2448.5000   2045.2800
   2449.5000   2044.5800
   2450.5000   2043.8800
   2451.5000   2043.1700
   2452.5000   2042.4601
   2453.5000   2041.7500
   2454.5000   2041.0499
   2455.5000   2040.3600
   2456.5000   2039.6500
   2457.5000   2038.9399
   2458.5000   2038.2400
   2459.5000   2037.5500
   2460.5000   2036.8600
   2461.5000   2036.1500
   2462.5000   2035.4501
   2463.5000   2034.7499
   2464.5000   2034.0599
   2465.5000   2033.3700
   2466.5000   2032.6901
   2467.5000   2032.0000
   2468.5000   2031.3000
   2469.5000   2030.6000
   2470.5000   2029.9199
   2471.5000   2029.2400
   2472.5000   2028.5499
   2473.5000   2027.8500
   2474.5000   2027.1600
   2475.5000   2026.4700
   2476.5000   2025.7900
   2477.5000   2025.1100
   2478.5000   2024.4301
   2479.5000   2023.7400
   2480.5000   2023.0699
   2481.5000   2022.4199
   2482.5000   2021.7200
   2483.5000   2021.0400
   2484.5000   2020.4000
   2485.5000   2019.7000
   2486.5000   2019.0200
   2487.5000   2018.3700
   2488.5000   2017.6700
   2489.5000   2016.9900
   2490.5000   2016.3500
   2491.5000   2015.6801
   2492.5000   2015.0000
   2493.5000   2014.3300
   2494.5000   2013.6700
   2495.5000   2013.0100
   2496.5000   2012.3400
   2497.5000   2011.6699
   2498.5000   2011.0100
   2499.5000   2010.3600
   2500.5000   2010.0200
