       2500
      1.5000    1108.5480
      2.5000    1108.6400
      3.5000    1108.6320
      4.5000    1108.6280
      5.5000    1108.6680
      6.5000    1108.6880
      7.5000    1108.6840
      8.5000    1108.7000
      9.5000    1108.7040
     10.5000    1108.7160
     11.5000    1108.7760
     12.5000    1108.7920
     13.5000    1108.8040
     14.5000    1108.8040
     15.5000    1108.8440
     16.5000    1108.8680
     17.5000    1108.8840
     18.5000    1108.9040
     19.5000    1108.9080
     20.5000    1108.9280
     21.5000    1108.9360
     22.5000    1108.9480
     23.5000    1108.9800
     24.5000    1108.9960
     25.5000    1109.0240
     26.5000    1109.0400
     27.5000    1109.1080
     28.5000    1109.1200
     29.5000    1109.1280
     30.5000    1109.1360
     31.5000    1109.1400
     32.5000    1109.1720
     33.5000    1109.1640
     34.5000    1109.1800
     35.5000    1109.2000
     36.5000    1109.2200
     37.5000    1109.2440
     38.5000    1109.2640
     39.5000    1109.2720
     40.5000    1109.3000
     41.5000    1109.3200
     42.5000    1109.3360
     43.5000    1109.3480
     44.5000    1109.3640
     45.5000    1109.3720
     46.5000    1109.3920
     47.5000    1109.4040
     48.5000    1109.4120
     49.5000    1109.4400
     50.5000    1109.4480
     51.5000    1109.4520
     52.5000    1109.4720
     53.5000    1109.4840
     54.5000    1109.5040
     55.5000    1109.5160
     56.5000    1109.5400
     57.5000    1109.5480
     58.5000    1109.5560
     59.5000    1109.5800
     60.5000    1109.5880
     61.5000    1109.6080
     62.5000    1109.6240
     63.5000    1109.6320
     64.5000    1109.6680
     65.5000    1109.6920
     66.5000    1109.7120
     67.5000    1109.7200
     68.5000    1109.7320
     69.5000    1109.7480
     70.5000    1109.7440
     71.5000    1109.7480
     72.5000    1109.7480
     73.5000    1109.7800
     74.5000    1109.8080
     75.5000    1109.8280
     76.5000    1109.8480
     77.5000    1109.8440
     78.5000    1109.8520
     79.5000    1109.8880
     80.5000    1109.9080
     81.5000    1109.9240
     82.5000    1109.9480
     83.5000    1109.9560
     84.5000    1109.9880
     85.5000    1110.0200
     86.5000    1110.0360
     87.5000    1110.0640
     88.5000    1110.0800
     89.5000    1110.1120
     90.5000    1110.1440
     91.5000    1110.1640
     92.5000    1110.2160
     93.5000    1110.2400
     94.5000    1110.2840
     95.5000    1110.2840
     96.5000    1110.3160
     97.5000    1110.3360
     98.5000    1110.3880
     99.5000    1110.4360
    100.5000    1110.4800
    101.5000    1110.4920
    102.5000    1110.5200
    103.5000    1110.5320
    104.5000    1110.5440
    105.5000    1110.5800
    106.5000    1110.5720
    107.5000    1110.6040
    108.5000    1110.6240
    109.5000    1110.6360
    110.5000    1110.6520
    111.5000    1110.6840
    112.5000    1110.7120
    113.5000    1110.7760
    114.5000    1110.8080
    115.5000    1110.8400
    116.5000    1110.8680
    117.5000    1110.8720
    118.5000    1110.8920
    119.5000    1110.9040
    120.5000    1110.9320
    121.5000    1110.9560
    122.5000    1110.9760
    123.5000    1110.9920
    124.5000    1111.0000
    125.5000    1111.0320
    126.5000    1111.0440
    127.5000    1111.0600
    128.5000    1111.0760
    129.5000    1111.0800
    130.5000    1111.0920
    131.5000    1111.1160
    132.5000    1111.1400
    133.5000    1111.1600
    134.5000    1111.1760
    135.5000    1111.2040
    136.5000    1111.2320
    137.5000    1111.2520
    138.5000    1111.2840
    139.5000    1111.3120
    140.5000    1111.3280
    141.5000    1111.3400
    142.5000    1111.3840
    143.5000    1111.4200
    144.5000    1111.4360
    145.5000    1111.4760
    146.5000    1111.5040
    147.5000    1111.5360
    148.5000    1111.5600
    149.5000    1111.5880
    150.5000    1111.6280
    151.5000    1111.6680
    152.5000    1111.6960
    153.5000    1111.7360
    154.5000    1111.7840
    155.5000    1111.8240
    156.5000    1111.9080
    157.5000    1111.9360
    158.5000    1112.0000
    159.5000    1112.0480
    160.5000    1112.1160
    161.5000    1112.1680
    162.5000    1112.2200
    163.5000    1112.2840
    164.5000    1112.3480
    165.5000    1112.4400
    166.5000    1112.4960
    167.5000    1112.5520
    168.5000    1112.6200
    169.5000    1112.6880
    170.5000    1112.7760
    171.5000    1112.8440
    172.5000    1112.9320
    173.5000    1113.0280
    174.5000    1113.1120
    175.5000    1113.1920
    176.5000    1113.2840
    177.5000    1113.3600
    178.5000    1113.4520
    179.5000    1113.5360
    180.5000    1113.6160
    181.5000    1113.6600
    182.5000    1113.7280
    183.5000    1113.8200
    184.5000    1113.9320
    185.5000    1114.0320
    186.5000    1114.0800
    187.5000    1114.1720
    188.5000    1114.2440
    189.5000    1114.3200
    190.5000    1114.3960
    191.5000    1114.5400
    192.5000    1114.6440
    193.5000    1114.7240
    194.5000    1114.8480
    195.5000    1114.9400
    196.5000    1115.0600
    197.5000    1115.1560
    198.5000    1115.2640
    199.5000    1115.3800
    200.5000    1115.5080
    201.5000    1115.6040
    202.5000    1115.7440
    203.5000    1115.8280
    204.5000    1115.9440
    205.5000    1116.0840
    206.5000    1116.2040
    207.5000    1116.3520
    208.5000    1116.4560
    209.5000    1116.5480
    210.5000    1116.6560
    211.5000    1116.7480
    212.5000    1116.8480
    213.5000    1116.9480
    214.5000    1117.0440
    215.5000    1117.1280
    216.5000    1117.2240
    217.5000    1117.3360
    218.5000    1117.4120
    219.5000    1117.5160
    220.5000    1117.6160
    221.5000    1117.7160
    222.5000    1117.8080
    223.5000    1117.8960
    224.5000    1117.9880
    225.5000    1118.0640
    226.5000    1118.1320
    227.5000    1118.2160
    228.5000    1118.3120
    229.5000    1118.4080
    230.5000    1118.5000
    231.5000    1118.5840
    232.5000    1118.6680
    233.5000    1118.7720
    234.5000    1118.8680
    235.5000    1118.9560
    236.5000    1118.9960
    237.5000    1119.0800
    238.5000    1119.1520
    239.5000    1119.2240
    240.5000    1119.3000
    241.5000    1119.3400
    242.5000    1119.3840
    243.5000    1119.4200
    244.5000    1119.4520
    245.5000    1119.5080
    246.5000    1119.5680
    247.5000    1119.6440
    248.5000    1119.6600
    249.5000    1119.7120
    250.5000    1119.8080
    251.5000    1119.8960
    252.5000    1119.9480
    253.5000    1119.9760
    254.5000    1119.9920
    255.5000    1120.0280
    256.5000    1120.0480
    257.5000    1120.1240
    258.5000    1120.1560
    259.5000    1120.1840
    260.5000    1120.2360
    261.5000    1120.2240
    262.5000    1120.2800
    263.5000    1120.2920
    264.5000    1120.3040
    265.5000    1120.3440
    266.5000    1120.3880
    267.5000    1120.4360
    268.5000    1120.4920
    269.5000    1120.4880
    270.5000    1120.5680
    271.5000    1120.6000
    272.5000    1120.6440
    273.5000    1120.6880
    274.5000    1120.7240
    275.5000    1120.7480
    276.5000    1120.7880
    277.5000    1120.8280
    278.5000    1120.8160
    279.5000    1120.8640
    280.5000    1120.8520
    281.5000    1120.8880
    282.5000    1120.9120
    283.5000    1120.9200
    284.5000    1120.9240
    285.5000    1120.9400
    286.5000    1120.9800
    287.5000    1120.9680
    288.5000    1120.9720
    289.5000    1120.9480
    290.5000    1120.9680
    291.5000    1120.9400
    292.5000    1120.9720
    293.5000    1120.9320
    294.5000    1120.9400
    295.5000    1120.9440
    296.5000    1120.9600
    297.5000    1120.9000
    298.5000    1120.8440
    299.5000    1120.8240
    300.5000    1120.8360
    301.5000    1120.8440
    302.5000    1120.8400
    303.5000    1120.8280
    304.5000    1120.8240
    305.5000    1120.8320
    306.5000    1120.8120
    307.5000    1120.7840
    308.5000    1120.7880
    309.5000    1120.7840
    310.5000    1120.7720
    311.5000    1120.7600
    312.5000    1120.7680
    313.5000    1120.6840
    314.5000    1120.6760
    315.5000    1120.6280
    316.5000    1120.6240
    317.5000    1120.5920
    318.5000    1120.5600
    319.5000    1120.5040
    320.5000    1120.5000
    321.5000    1120.4720
    322.5000    1120.4400
    323.5000    1120.4040
    324.5000    1120.3480
    325.5000    1120.3200
    326.5000    1120.3520
    327.5000    1120.3480
    328.5000    1120.3200
    329.5000    1120.2600
    330.5000    1120.2280
    331.5000    1120.1920
    332.5000    1120.1400
    333.5000    1120.1000
    334.5000    1120.0280
    335.5000    1119.9720
    336.5000    1119.9000
    337.5000    1119.8600
    338.5000    1119.7960
    339.5000    1119.7040
    340.5000    1119.6760
    341.5000    1119.5600
    342.5000    1119.5000
    343.5000    1119.4000
    344.5000    1119.3320
    345.5000    1119.3080
    346.5000    1119.2520
    347.5000    1119.2240
    348.5000    1119.1520
    349.5000    1119.1200
    350.5000    1119.0440
    351.5000    1119.0080
    352.5000    1118.9360
    353.5000    1118.9040
    354.5000    1118.8680
    355.5000    1118.8000
    356.5000    1118.6720
    357.5000    1118.5760
    358.5000    1118.4560
    359.5000    1118.3520
    360.5000    1118.2360
    361.5000    1118.1280
    362.5000    1117.9840
    363.5000    1117.8640
    364.5000    1117.7640
    365.5000    1117.6800
    366.5000    1117.6000
    367.5000    1117.4920
    368.5000    1117.4040
    369.5000    1117.3240
    370.5000    1117.2280
    371.5000    1117.1040
    372.5000    1116.9960
    373.5000    1116.8920
    374.5000    1116.8800
    375.5000    1116.8240
    376.5000    1116.7760
    377.5000    1116.7240
    378.5000    1116.6680
    379.5000    1116.5760
    380.5000    1116.5480
    381.5000    1116.4560
    382.5000    1116.4320
    383.5000    1116.3880
    384.5000    1116.3440
    385.5000    1116.2840
    386.5000    1116.2200
    387.5000    1116.1480
    388.5000    1116.0680
    389.5000    1116.0680
    390.5000    1116.0240
    391.5000    1115.9480
    392.5000    1115.9200
    393.5000    1115.8960
    394.5000    1115.8400
    395.5000    1115.7680
    396.5000    1115.7520
    397.5000    1115.6240
    398.5000    1115.5360
    399.5000    1115.5200
    400.5000    1115.4560
    401.5000    1115.3840
    402.5000    1115.3320
    403.5000    1115.3280
    404.5000    1115.3400
    405.5000    1115.3600
    406.5000    1115.3440
    407.5000    1115.3560
    408.5000    1115.3600
    409.5000    1115.3160
    410.5000    1115.2840
    411.5000    1115.2560
    412.5000    1115.2680
    413.5000    1115.2160
    414.5000    1115.1560
    415.5000    1115.1000
    416.5000    1115.0400
    417.5000    1115.0160
    418.5000    1114.8760
    419.5000    1114.8120
    420.5000    1114.7680
    421.5000    1114.6800
    422.5000    1114.6200
    423.5000    1114.5640
    424.5000    1114.5080
    425.5000    1114.4320
    426.5000    1114.3720
    427.5000    1114.2880
    428.5000    1114.2320
    429.5000    1114.1760
    430.5000    1114.0880
    431.5000    1113.9920
    432.5000    1113.8920
    433.5000    1113.8200
    434.5000    1113.7040
    435.5000    1113.5840
    436.5000    1113.4760
    437.5000    1113.4040
    438.5000    1113.2520
    439.5000    1113.1480
    440.5000    1113.0720
    441.5000    1113.0040
    442.5000    1112.9280
    443.5000    1112.9040
    444.5000    1112.8800
    445.5000    1112.7600
    446.5000    1112.7200
    447.5000    1112.6040
    448.5000    1112.5480
    449.5000    1112.4760
    450.5000    1112.4080
    451.5000    1112.3320
    452.5000    1112.2040
    453.5000    1112.1040
    454.5000    1112.0400
    455.5000    1111.9400
    456.5000    1111.8840
    457.5000    1111.7960
    458.5000    1111.7000
    459.5000    1111.5880
    460.5000    1111.5320
    461.5000    1111.4600
    462.5000    1111.3800
    463.5000    1111.2640
    464.5000    1111.2000
    465.5000    1111.1080
    466.5000    1111.0360
    467.5000    1110.9520
    468.5000    1110.8520
    469.5000    1110.7720
    470.5000    1110.6960
    471.5000    1110.5760
    472.5000    1110.5160
    473.5000    1110.4440
    474.5000    1110.3600
    475.5000    1110.2440
    476.5000    1110.1320
    477.5000    1110.0680
    478.5000    1109.9840
    479.5000    1109.9400
    480.5000    1109.9200
    481.5000    1109.8560
    482.5000    1109.8360
    483.5000    1109.7960
    484.5000    1109.7760
    485.5000    1109.7080
    486.5000    1109.6040
    487.5000    1109.5120
    488.5000    1109.4800
    489.5000    1109.4120
    490.5000    1109.3920
    491.5000    1109.3240
    492.5000    1109.2440
    493.5000    1109.1960
    494.5000    1109.1080
    495.5000    1109.0560
    496.5000    1109.0320
    497.5000    1108.9560
    498.5000    1108.9400
    499.5000    1108.8680
    500.5000    1108.8240
    501.5000    1108.7680
    502.5000    1108.7440
    503.5000    1108.6880
    504.5000    1108.6320
    505.5000    1108.5640
    506.5000    1108.5480
    507.5000    1108.4880
    508.5000    1108.4640
    509.5000    1108.4400
    510.5000    1108.3960
    511.5000    1108.3360
    512.5000    1108.2880
    513.5000    1108.2520
    514.5000    1108.2080
    515.5000    1108.1920
    516.5000    1108.1640
    517.5000    1108.1320
    518.5000    1108.1040
    519.5000    1108.0960
    520.5000    1108.0600
    521.5000    1108.0400
    522.5000    1108.0360
    523.5000    1108.0160
    524.5000    1108.0440
    525.5000    1108.0480
    526.5000    1108.0600
    527.5000    1108.0640
    528.5000    1108.0520
    529.5000    1108.0560
    530.5000    1108.0520
    531.5000    1108.0520
    532.5000    1108.1440
    533.5000    1108.1800
    534.5000    1108.2120
    535.5000    1108.2240
    536.5000    1108.2200
    537.5000    1108.2520
    538.5000    1108.2280
    539.5000    1108.2280
    540.5000    1108.2960
    541.5000    1108.2800
    542.5000    1108.3040
    543.5000    1108.3680
    544.5000    1108.3760
    545.5000    1108.3800
    546.5000    1108.4360
    547.5000    1108.4480
    548.5000    1108.4480
    549.5000    1108.5200
    550.5000    1108.5440
    551.5000    1108.5000
    552.5000    1108.4880
    553.5000    1108.4560
    554.5000    1108.5240
    555.5000    1108.5080
    556.5000    1108.4960
    557.5000    1108.4920
    558.5000    1108.5240
    559.5000    1108.5240
    560.5000    1108.5280
    561.5000    1108.5840
    562.5000    1108.5560
    563.5000    1108.5560
    564.5000    1108.5600
    565.5000    1108.5920
    566.5000    1108.5840
    567.5000    1108.5840
    568.5000    1108.6120
    569.5000    1108.6000
    570.5000    1108.5840
    571.5000    1108.6200
    572.5000    1108.6440
    573.5000    1108.6360
    574.5000    1108.6760
    575.5000    1108.6920
    576.5000    1108.7120
    577.5000    1108.7240
    578.5000    1108.7640
    579.5000    1108.7760
    580.5000    1108.7920
    581.5000    1108.8480
    582.5000    1108.9040
    583.5000    1108.9640
    584.5000    1109.0480
    585.5000    1109.1080
    586.5000    1109.1680
    587.5000    1109.2120
    588.5000    1109.2920
    589.5000    1109.3400
    590.5000    1109.3880
    591.5000    1109.4640
    592.5000    1109.5240
    593.5000    1109.6120
    594.5000    1109.7000
    595.5000    1109.7200
    596.5000    1109.7440
    597.5000    1109.7840
    598.5000    1109.8800
    599.5000    1109.9520
    600.5000    1110.0320
    601.5000    1110.0560
    602.5000    1110.1160
    603.5000    1110.2000
    604.5000    1110.3040
    605.5000    1110.3640
    606.5000    1110.4200
    607.5000    1110.4760
    608.5000    1110.5440
    609.5000    1110.6240
    610.5000    1110.6960
    611.5000    1110.7480
    612.5000    1110.8080
    613.5000    1110.8880
    614.5000    1110.9760
    615.5000    1111.0920
    616.5000    1111.1560
    617.5000    1111.2280
    618.5000    1111.3040
    619.5000    1111.4040
    620.5000    1111.4920
    621.5000    1111.5440
    622.5000    1111.6400
    623.5000    1111.7200
    624.5000    1111.8240
    625.5000    1111.8920
    626.5000    1111.9280
    627.5000    1112.0360
    628.5000    1112.1120
    629.5000    1112.2000
    630.5000    1112.2840
    631.5000    1112.3560
    632.5000    1112.4240
    633.5000    1112.4760
    634.5000    1112.5800
    635.5000    1112.6400
    636.5000    1112.6840
    637.5000    1112.7400
    638.5000    1112.7560
    639.5000    1112.8160
    640.5000    1112.8880
    641.5000    1112.9480
    642.5000    1113.0120
    643.5000    1113.0640
    644.5000    1113.1240
    645.5000    1113.1800
    646.5000    1113.2280
    647.5000    1113.2720
    648.5000    1113.3320
    649.5000    1113.4040
    650.5000    1113.4480
    651.5000    1113.5320
    652.5000    1113.5680
    653.5000    1113.6120
    654.5000    1113.6560
    655.5000    1113.7080
    656.5000    1113.7480
    657.5000    1113.7840
    658.5000    1113.8240
    659.5000    1113.8480
    660.5000    1113.9160
    661.5000    1113.9600
    662.5000    1114.0040
    663.5000    1114.0360
    664.5000    1114.1000
    665.5000    1114.1120
    666.5000    1114.1560
    667.5000    1114.2240
    668.5000    1114.2840
    669.5000    1114.3240
    670.5000    1114.3560
    671.5000    1114.3800
    672.5000    1114.4040
    673.5000    1114.4320
    674.5000    1114.5040
    675.5000    1114.5480
    676.5000    1114.5600
    677.5000    1114.5960
    678.5000    1114.6400
    679.5000    1114.6600
    680.5000    1114.6960
    681.5000    1114.7320
    682.5000    1114.7560
    683.5000    1114.7880
    684.5000    1114.8640
    685.5000    1114.9040
    686.5000    1114.9400
    687.5000    1114.9640
    688.5000    1115.0200
    689.5000    1115.0760
    690.5000    1115.1240
    691.5000    1115.1960
    692.5000    1115.1960
    693.5000    1115.2400
    694.5000    1115.2560
    695.5000    1115.2960
    696.5000    1115.3120
    697.5000    1115.3280
    698.5000    1115.3600
    699.5000    1115.4000
    700.5000    1115.4440
    701.5000    1115.4960
    702.5000    1115.5280
    703.5000    1115.5600
    704.5000    1115.6040
    705.5000    1115.6120
    706.5000    1115.6400
    707.5000    1115.6800
    708.5000    1115.7080
    709.5000    1115.7440
    710.5000    1115.8080
    711.5000    1115.8320
    712.5000    1115.8520
    713.5000    1115.8960
    714.5000    1115.9280
    715.5000    1115.9560
    716.5000    1115.9920
    717.5000    1116.0160
    718.5000    1116.0360
    719.5000    1116.0560
    720.5000    1116.1000
    721.5000    1116.1200
    722.5000    1116.1440
    723.5000    1116.1640
    724.5000    1116.1960
    725.5000    1116.2040
    726.5000    1116.2200
    727.5000    1116.2520
    728.5000    1116.2800
    729.5000    1116.2920
    730.5000    1116.3240
    731.5000    1116.3520
    732.5000    1116.3920
    733.5000    1116.4320
    734.5000    1116.4600
    735.5000    1116.4600
    736.5000    1116.4880
    737.5000    1116.4840
    738.5000    1116.5080
    739.5000    1116.5240
    740.5000    1116.5480
    741.5000    1116.5680
    742.5000    1116.5840
    743.5000    1116.6160
    744.5000    1116.6440
    745.5000    1116.6880
    746.5000    1116.7120
    747.5000    1116.7720
    748.5000    1116.8120
    749.5000    1116.8280
    750.5000    1116.8520
    751.5000    1116.8560
    752.5000    1116.9080
    753.5000    1116.9240
    754.5000    1116.9360
    755.5000    1116.9880
    756.5000    1117.0320
    757.5000    1117.0720
    758.5000    1117.0920
    759.5000    1117.1120
    760.5000    1117.1520
    761.5000    1117.1760
    762.5000    1117.1840
    763.5000    1117.2040
    764.5000    1117.2120
    765.5000    1117.2240
    766.5000    1117.2440
    767.5000    1117.2520
    768.5000    1117.2800
    769.5000    1117.2880
    770.5000    1117.2960
    771.5000    1117.3120
    772.5000    1117.3080
    773.5000    1117.3040
    774.5000    1117.2960
    775.5000    1117.3080
    776.5000    1117.3320
    777.5000    1117.3800
    778.5000    1117.3960
    779.5000    1117.3880
    780.5000    1117.3720
    781.5000    1117.3640
    782.5000    1117.3680
    783.5000    1117.3520
    784.5000    1117.3640
    785.5000    1117.3480
    786.5000    1117.3400
    787.5000    1117.3120
    788.5000    1117.3040
    789.5000    1117.2640
    790.5000    1117.2640
    791.5000    1117.2440
    792.5000    1117.2320
    793.5000    1117.1800
    794.5000    1117.1760
    795.5000    1117.1760
    796.5000    1117.1520
    797.5000    1117.1280
    798.5000    1117.1080
    799.5000    1117.1200
    800.5000    1117.0960
    801.5000    1117.0880
    802.5000    1117.0920
    803.5000    1117.0920
    804.5000    1117.1040
    805.5000    1117.1240
    806.5000    1117.1320
    807.5000    1117.1400
    808.5000    1117.1720
    809.5000    1117.1800
    810.5000    1117.1920
    811.5000    1117.2080
    812.5000    1117.2120
    813.5000    1117.2200
    814.5000    1117.2280
    815.5000    1117.2440
    816.5000    1117.2520
    817.5000    1117.2600
    818.5000    1117.2800
    819.5000    1117.2760
    820.5000    1117.2960
    821.5000    1117.3000
    822.5000    1117.3040
    823.5000    1117.3040
    824.5000    1117.2920
    825.5000    1117.2920
    826.5000    1117.2840
    827.5000    1117.2880
    828.5000    1117.2920
    829.5000    1117.3040
    830.5000    1117.3040
    831.5000    1117.3040
    832.5000    1117.2960
    833.5000    1117.3160
    834.5000    1117.2960
    835.5000    1117.3000
    836.5000    1117.2920
    837.5000    1117.3080
    838.5000    1117.3160
    839.5000    1117.3360
    840.5000    1117.3360
    841.5000    1117.3360
    842.5000    1117.3560
    843.5000    1117.3960
    844.5000    1117.3960
    845.5000    1117.4080
    846.5000    1117.3960
    847.5000    1117.3960
    848.5000    1117.4080
    849.5000    1117.4200
    850.5000    1117.4120
    851.5000    1117.4200
    852.5000    1117.4080
    853.5000    1117.4080
    854.5000    1117.4000
    855.5000    1117.3920
    856.5000    1117.3840
    857.5000    1117.3960
    858.5000    1117.3920
    859.5000    1117.3880
    860.5000    1117.4040
    861.5000    1117.3800
    862.5000    1117.3880
    863.5000    1117.3920
    864.5000    1117.3880
    865.5000    1117.3440
    866.5000    1117.3040
    867.5000    1117.2680
    868.5000    1117.2560
    869.5000    1117.2480
    870.5000    1117.2320
    871.5000    1117.2240
    872.5000    1117.2120
    873.5000    1117.1400
    874.5000    1117.1040
    875.5000    1117.0760
    876.5000    1117.0360
    877.5000    1117.0080
    878.5000    1116.9520
    879.5000    1116.9080
    880.5000    1116.8960
    881.5000    1116.8640
    882.5000    1116.8160
    883.5000    1116.7640
    884.5000    1116.7400
    885.5000    1116.6800
    886.5000    1116.6320
    887.5000    1116.5880
    888.5000    1116.5920
    889.5000    1116.5600
    890.5000    1116.5160
    891.5000    1116.4880
    892.5000    1116.4360
    893.5000    1116.3920
    894.5000    1116.3440
    895.5000    1116.3120
    896.5000    1116.2800
    897.5000    1116.2200
    898.5000    1116.1800
    899.5000    1116.1520
    900.5000    1116.0840
    901.5000    1116.0600
    902.5000    1116.0080
    903.5000    1115.9760
    904.5000    1115.9560
    905.5000    1115.9240
    906.5000    1115.8440
    907.5000    1115.8000
    908.5000    1115.7520
    909.5000    1115.7200
    910.5000    1115.6720
    911.5000    1115.6360
    912.5000    1115.5960
    913.5000    1115.5760
    914.5000    1115.5320
    915.5000    1115.4840
    916.5000    1115.4640
    917.5000    1115.4280
    918.5000    1115.3960
    919.5000    1115.3240
    920.5000    1115.2680
    921.5000    1115.2160
    922.5000    1115.1680
    923.5000    1115.1360
    924.5000    1115.0880
    925.5000    1115.0720
    926.5000    1115.0120
    927.5000    1114.9680
    928.5000    1114.9600
    929.5000    1114.8920
    930.5000    1114.8520
    931.5000    1114.8160
    932.5000    1114.7840
    933.5000    1114.7360
    934.5000    1114.7160
    935.5000    1114.6920
    936.5000    1114.6320
    937.5000    1114.5960
    938.5000    1114.5760
    939.5000    1114.5560
    940.5000    1114.5200
    941.5000    1114.4880
    942.5000    1114.4680
    943.5000    1114.4440
    944.5000    1114.4600
    945.5000    1114.4960
    946.5000    1114.5200
    947.5000    1114.5400
    948.5000    1114.5400
    949.5000    1114.5600
    950.5000    1114.6080
    951.5000    1114.6120
    952.5000    1114.6440
    953.5000    1114.6880
    954.5000    1114.7960
    955.5000    1114.8320
    956.5000    1114.8760
    957.5000    1114.9080
    958.5000    1114.9400
    959.5000    1115.0000
    960.5000    1115.0280
    961.5000    1115.0520
    962.5000    1115.1000
    963.5000    1115.1480
    964.5000    1115.1840
    965.5000    1115.2400
    966.5000    1115.2800
    967.5000    1115.3560
    968.5000    1115.4160
    969.5000    1115.5600
    970.5000    1115.6280
    971.5000    1115.6920
    972.5000    1115.7960
    973.5000    1115.8400
    974.5000    1115.8520
    975.5000    1115.8880
    976.5000    1115.9120
    977.5000    1115.9440
    978.5000    1115.9840
    979.5000    1116.0240
    980.5000    1116.0320
    981.5000    1116.0960
    982.5000    1116.1520
    983.5000    1116.2280
    984.5000    1116.2760
    985.5000    1116.3680
    986.5000    1116.4600
    987.5000    1116.5920
    988.5000    1116.6760
    989.5000    1116.7320
    990.5000    1116.8040
    991.5000    1116.8680
    992.5000    1116.9640
    993.5000    1117.0480
    994.5000    1117.1120
    995.5000    1117.1760
    996.5000    1117.2560
    997.5000    1117.3560
    998.5000    1117.4320
    999.5000    1117.5280
   1000.5000    1117.6160
   1001.5000    1117.7040
   1002.5000    1117.7920
   1003.5000    1117.9080
   1004.5000    1117.9960
   1005.5000    1118.0960
   1006.5000    1118.1640
   1007.5000    1118.2400
   1008.5000    1118.3160
   1009.5000    1118.4040
   1010.5000    1118.5200
   1011.5000    1118.6440
   1012.5000    1118.7680
   1013.5000    1118.9200
   1014.5000    1119.0400
   1015.5000    1119.1800
   1016.5000    1119.3120
   1017.5000    1119.4400
   1018.5000    1119.5680
   1019.5000    1119.6680
   1020.5000    1119.7960
   1021.5000    1119.9360
   1022.5000    1120.0720
   1023.5000    1120.2080
   1024.5000    1120.3480
   1025.5000    1120.5040
   1026.5000    1120.6560
   1027.5000    1120.8000
   1028.5000    1120.9440
   1029.5000    1121.1040
   1030.5000    1121.2520
   1031.5000    1121.4120
   1032.5000    1121.5800
   1033.5000    1121.7480
   1034.5000    1121.9200
   1035.5000    1122.0560
   1036.5000    1122.2160
   1037.5000    1122.3640
   1038.5000    1122.5280
   1039.5000    1122.6960
   1040.5000    1122.8400
   1041.5000    1123.0160
   1042.5000    1123.1720
   1043.5000    1123.3400
   1044.5000    1123.5040
   1045.5000    1123.6520
   1046.5000    1123.8200
   1047.5000    1123.9640
   1048.5000    1124.1360
   1049.5000    1124.3160
   1050.5000    1124.5120
   1051.5000    1124.6920
   1052.5000    1124.8720
   1053.5000    1125.0920
   1054.5000    1125.3120
   1055.5000    1125.4840
   1056.5000    1125.6720
   1057.5000    1125.8400
   1058.5000    1126.0480
   1059.5000    1126.2280
   1060.5000    1126.4040
   1061.5000    1126.5640
   1062.5000    1126.7400
   1063.5000    1126.9160
   1064.5000    1127.0720
   1065.5000    1127.2080
   1066.5000    1127.3520
   1067.5000    1127.4920
   1068.5000    1127.6400
   1069.5000    1127.7920
   1070.5000    1127.9320
   1071.5000    1128.0920
   1072.5000    1128.2440
   1073.5000    1128.3880
   1074.5000    1128.5320
   1075.5000    1128.6920
   1076.5000    1128.8280
   1077.5000    1128.9800
   1078.5000    1129.1280
   1079.5000    1129.2560
   1080.5000    1129.4000
   1081.5000    1129.5360
   1082.5000    1129.6640
   1083.5000    1129.8000
   1084.5000    1129.9320
   1085.5000    1130.0520
   1086.5000    1130.1880
   1087.5000    1130.3120
   1088.5000    1130.4280
   1089.5000    1130.5880
   1090.5000    1130.7200
   1091.5000    1130.8280
   1092.5000    1130.9520
   1093.5000    1131.0920
   1094.5000    1131.2160
   1095.5000    1131.3280
   1096.5000    1131.4440
   1097.5000    1131.5280
   1098.5000    1131.6600
   1099.5000    1131.7880
   1100.5000    1131.8760
   1101.5000    1131.9840
   1102.5000    1132.0840
   1103.5000    1132.1920
   1104.5000    1132.3080
   1105.5000    1132.4200
   1106.5000    1132.5400
   1107.5000    1132.6680
   1108.5000    1132.7720
   1109.5000    1132.8520
   1110.5000    1132.9280
   1111.5000    1133.0040
   1112.5000    1133.1040
   1113.5000    1133.2240
   1114.5000    1133.3240
   1115.5000    1133.4240
   1116.5000    1133.5200
   1117.5000    1133.6040
   1118.5000    1133.6800
   1119.5000    1133.7920
   1120.5000    1133.8920
   1121.5000    1133.9760
   1122.5000    1134.0680
   1123.5000    1134.1720
   1124.5000    1134.2600
   1125.5000    1134.3480
   1126.5000    1134.4400
   1127.5000    1134.5240
   1128.5000    1134.6200
   1129.5000    1134.7000
   1130.5000    1134.7960
   1131.5000    1134.8760
   1132.5000    1134.9560
   1133.5000    1135.0320
   1134.5000    1135.1160
   1135.5000    1135.1800
   1136.5000    1135.2560
   1137.5000    1135.3440
   1138.5000    1135.4160
   1139.5000    1135.5080
   1140.5000    1135.5720
   1141.5000    1135.6520
   1142.5000    1135.7160
   1143.5000    1135.7920
   1144.5000    1135.8440
   1145.5000    1135.9280
   1146.5000    1135.9960
   1147.5000    1136.0400
   1148.5000    1136.1120
   1149.5000    1136.1920
   1150.5000    1136.2320
   1151.5000    1136.2840
   1152.5000    1136.3840
   1153.5000    1136.4480
   1154.5000    1136.5000
   1155.5000    1136.5240
   1156.5000    1136.5640
   1157.5000    1136.6080
   1158.5000    1136.6320
   1159.5000    1136.6600
   1160.5000    1136.6560
   1161.5000    1136.6560
   1162.5000    1136.6640
   1163.5000    1136.6720
   1164.5000    1136.6760
   1165.5000    1136.6760
   1166.5000    1136.6720
   1167.5000    1136.6560
   1168.5000    1136.6680
   1169.5000    1136.6600
   1170.5000    1136.6600
   1171.5000    1136.6560
   1172.5000    1136.6360
   1173.5000    1136.6560
   1174.5000    1136.6560
   1175.5000    1136.6640
   1176.5000    1136.6600
   1177.5000    1136.6560
   1178.5000    1136.6400
   1179.5000    1136.6280
   1180.5000    1136.6240
   1181.5000    1136.6000
   1182.5000    1136.5800
   1183.5000    1136.5120
   1184.5000    1136.3920
   1185.5000    1136.2800
   1186.5000    1136.2200
   1187.5000    1136.1800
   1188.5000    1136.0880
   1189.5000    1135.9960
   1190.5000    1135.8680
   1191.5000    1135.7680
   1192.5000    1135.6960
   1193.5000    1135.5840
   1194.5000    1135.5040
   1195.5000    1135.3840
   1196.5000    1135.2640
   1197.5000    1135.1880
   1198.5000    1135.0760
   1199.5000    1134.9760
   1200.5000    1134.9040
   1201.5000    1134.7960
   1202.5000    1134.7160
   1203.5000    1134.6440
   1204.5000    1134.5840
   1205.5000    1134.5200
   1206.5000    1134.4440
   1207.5000    1134.3560
   1208.5000    1134.2640
   1209.5000    1134.1800
   1210.5000    1134.0800
   1211.5000    1133.9920
   1212.5000    1133.8920
   1213.5000    1133.8080
   1214.5000    1133.6920
   1215.5000    1133.6000
   1216.5000    1133.4840
   1217.5000    1133.3680
   1218.5000    1133.2440
   1219.5000    1133.1280
   1220.5000    1133.0240
   1221.5000    1132.9000
   1222.5000    1132.7800
   1223.5000    1132.7000
   1224.5000    1132.6080
   1225.5000    1132.5120
   1226.5000    1132.4240
   1227.5000    1132.3560
   1228.5000    1132.2400
   1229.5000    1132.1360
   1230.5000    1132.0560
   1231.5000    1131.9840
   1232.5000    1131.9320
   1233.5000    1131.8160
   1234.5000    1131.7280
   1235.5000    1131.6480
   1236.5000    1131.5560
   1237.5000    1131.4320
   1238.5000    1131.3400
   1239.5000    1131.2600
   1240.5000    1131.1600
   1241.5000    1131.0320
   1242.5000    1130.8960
   1243.5000    1130.7920
   1244.5000    1130.6800
   1245.5000    1130.5720
   1246.5000    1130.4520
   1247.5000    1130.3360
   1248.5000    1130.2040
   1249.5000    1130.0680
   1250.5000    1129.9120
   1251.5000    1129.7840
   1252.5000    1129.6800
   1253.5000    1129.5760
   1254.5000    1129.4360
   1255.5000    1129.3320
   1256.5000    1129.1960
   1257.5000    1129.0920
   1258.5000    1128.9320
   1259.5000    1128.8080
   1260.5000    1128.6920
   1261.5000    1128.5680
   1262.5000    1128.4560
   1263.5000    1128.3440
   1264.5000    1128.2400
   1265.5000    1128.1120
   1266.5000    1128.0160
   1267.5000    1127.9360
   1268.5000    1127.8680
   1269.5000    1127.7600
   1270.5000    1127.7160
   1271.5000    1127.6400
   1272.5000    1127.5520
   1273.5000    1127.4800
   1274.5000    1127.4400
   1275.5000    1127.3760
   1276.5000    1127.3400
   1277.5000    1127.2680
   1278.5000    1127.1960
   1279.5000    1127.1480
   1280.5000    1127.1240
   1281.5000    1127.0960
   1282.5000    1127.0440
   1283.5000    1126.9800
   1284.5000    1126.8880
   1285.5000    1126.8280
   1286.5000    1126.7920
   1287.5000    1126.7440
   1288.5000    1126.6840
   1289.5000    1126.6240
   1290.5000    1126.5400
   1291.5000    1126.4600
   1292.5000    1126.4200
   1293.5000    1126.3840
   1294.5000    1126.3640
   1295.5000    1126.3240
   1296.5000    1126.3000
   1297.5000    1126.2560
   1298.5000    1126.2360
   1299.5000    1126.2160
   1300.5000    1126.1680
   1301.5000    1126.1520
   1302.5000    1126.1200
   1303.5000    1126.0960
   1304.5000    1126.0680
   1305.5000    1126.0480
   1306.5000    1126.0120
   1307.5000    1125.9760
   1308.5000    1125.9480
   1309.5000    1125.9240
   1310.5000    1125.8840
   1311.5000    1125.8160
   1312.5000    1125.7400
   1313.5000    1125.6800
   1314.5000    1125.5760
   1315.5000    1125.5040
   1316.5000    1125.4240
   1317.5000    1125.3120
   1318.5000    1125.1760
   1319.5000    1125.1120
   1320.5000    1125.0360
   1321.5000    1124.9480
   1322.5000    1124.9280
   1323.5000    1124.8680
   1324.5000    1124.8200
   1325.5000    1124.8000
   1326.5000    1124.7880
   1327.5000    1124.7280
   1328.5000    1124.6680
   1329.5000    1124.6680
   1330.5000    1124.6560
   1331.5000    1124.6480
   1332.5000    1124.6240
   1333.5000    1124.6640
   1334.5000    1124.6560
   1335.5000    1124.6880
   1336.5000    1124.6960
   1337.5000    1124.6520
   1338.5000    1124.6400
   1339.5000    1124.6240
   1340.5000    1124.5560
   1341.5000    1124.4680
   1342.5000    1124.3480
   1343.5000    1124.2520
   1344.5000    1124.1840
   1345.5000    1124.1080
   1346.5000    1124.0680
   1347.5000    1124.0560
   1348.5000    1124.0240
   1349.5000    1123.9840
   1350.5000    1123.9600
   1351.5000    1123.9400
   1352.5000    1123.9400
   1353.5000    1123.9440
   1354.5000    1123.9280
   1355.5000    1123.9160
   1356.5000    1123.8800
   1357.5000    1123.8520
   1358.5000    1123.7960
   1359.5000    1123.7360
   1360.5000    1123.6840
   1361.5000    1123.6520
   1362.5000    1123.5960
   1363.5000    1123.5160
   1364.5000    1123.4560
   1365.5000    1123.3360
   1366.5000    1123.2960
   1367.5000    1123.2440
   1368.5000    1123.1920
   1369.5000    1123.1000
   1370.5000    1123.0360
   1371.5000    1122.9840
   1372.5000    1122.9280
   1373.5000    1122.8680
   1374.5000    1122.8200
   1375.5000    1122.7640
   1376.5000    1122.7200
   1377.5000    1122.6800
   1378.5000    1122.6480
   1379.5000    1122.6000
   1380.5000    1122.5520
   1381.5000    1122.5360
   1382.5000    1122.5440
   1383.5000    1122.5440
   1384.5000    1122.5240
   1385.5000    1122.5040
   1386.5000    1122.5200
   1387.5000    1122.5080
   1388.5000    1122.4440
   1389.5000    1122.4080
   1390.5000    1122.4200
   1391.5000    1122.3840
   1392.5000    1122.3400
   1393.5000    1122.2720
   1394.5000    1122.2080
   1395.5000    1122.1600
   1396.5000    1122.0720
   1397.5000    1121.9960
   1398.5000    1121.9320
   1399.5000    1121.8560
   1400.5000    1121.7800
   1401.5000    1121.7000
   1402.5000    1121.6240
   1403.5000    1121.5480
   1404.5000    1121.5040
   1405.5000    1121.4760
   1406.5000    1121.4360
   1407.5000    1121.4320
   1408.5000    1121.3960
   1409.5000    1121.3880
   1410.5000    1121.3760
   1411.5000    1121.3560
   1412.5000    1121.3200
   1413.5000    1121.2960
   1414.5000    1121.2720
   1415.5000    1121.2160
   1416.5000    1121.1920
   1417.5000    1121.1600
   1418.5000    1121.1240
   1419.5000    1121.0960
   1420.5000    1121.0880
   1421.5000    1121.0640
   1422.5000    1121.0520
   1423.5000    1121.0960
   1424.5000    1121.2000
   1425.5000    1121.2160
   1426.5000    1121.2960
   1427.5000    1121.3360
   1428.5000    1121.5040
   1429.5000    1121.6400
   1430.5000    1121.6880
   1431.5000    1121.7080
   1432.5000    1121.7000
   1433.5000    1121.7360
   1434.5000    1121.7520
   1435.5000    1121.7120
   1436.5000    1121.8600
   1437.5000    1121.9480
   1438.5000    1122.0720
   1439.5000    1122.2040
   1440.5000    1122.3160
   1441.5000    1122.5200
   1442.5000    1122.6880
   1443.5000    1122.8640
   1444.5000    1123.0160
   1445.5000    1123.1600
   1446.5000    1123.3160
   1447.5000    1123.4760
   1448.5000    1123.6440
   1449.5000    1123.8040
   1450.5000    1123.9600
   1451.5000    1124.0960
   1452.5000    1124.2320
   1453.5000    1124.3520
   1454.5000    1124.4080
   1455.5000    1124.4360
   1456.5000    1124.4600
   1457.5000    1124.4080
   1458.5000    1124.4400
   1459.5000    1124.5360
   1460.5000    1124.6400
   1461.5000    1124.7160
   1462.5000    1124.7760
   1463.5000    1124.9240
   1464.5000    1125.0600
   1465.5000    1125.2040
   1466.5000    1125.3440
   1467.5000    1125.5120
   1468.5000    1125.6560
   1469.5000    1125.8200
   1470.5000    1125.8800
   1471.5000    1125.9720
   1472.5000    1126.0840
   1473.5000    1126.2360
   1474.5000    1126.3640
   1475.5000    1126.5160
   1476.5000    1126.6360
   1477.5000    1126.8400
   1478.5000    1127.0520
   1479.5000    1127.2960
   1480.5000    1127.5080
   1481.5000    1127.7240
   1482.5000    1127.9600
   1483.5000    1128.1880
   1484.5000    1128.4240
   1485.5000    1128.6560
   1486.5000    1128.9000
   1487.5000    1129.1000
   1488.5000    1129.3160
   1489.5000    1129.5680
   1490.5000    1129.7920
   1491.5000    1130.0040
   1492.5000    1130.2400
   1493.5000    1130.4520
   1494.5000    1130.6800
   1495.5000    1130.8920
   1496.5000    1131.1000
   1497.5000    1131.3240
   1498.5000    1131.5520
   1499.5000    1131.7600
   1500.5000    1131.9840
   1501.5000    1132.1640
   1502.5000    1132.3480
   1503.5000    1132.5440
   1504.5000    1132.7120
   1505.5000    1132.8720
   1506.5000    1132.9920
   1507.5000    1133.0960
   1508.5000    1133.2080
   1509.5000    1133.3320
   1510.5000    1133.4840
   1511.5000    1133.6160
   1512.5000    1133.7440
   1513.5000    1133.8680
   1514.5000    1134.0000
   1515.5000    1134.1160
   1516.5000    1134.1520
   1517.5000    1134.2200
   1518.5000    1134.2320
   1519.5000    1134.2320
   1520.5000    1134.2360
   1521.5000    1134.1920
   1522.5000    1134.1600
   1523.5000    1134.1120
   1524.5000    1134.0520
   1525.5000    1134.0160
   1526.5000    1133.9760
   1527.5000    1133.9320
   1528.5000    1133.9240
   1529.5000    1133.9280
   1530.5000    1133.8880
   1531.5000    1133.8120
   1532.5000    1133.8400
   1533.5000    1133.8320
   1534.5000    1133.8160
   1535.5000    1133.7680
   1536.5000    1133.7160
   1537.5000    1133.6080
   1538.5000    1133.5200
   1539.5000    1133.3560
   1540.5000    1133.2440
   1541.5000    1133.0200
   1542.5000    1132.8320
   1543.5000    1132.6160
   1544.5000    1132.3640
   1545.5000    1132.1360
   1546.5000    1131.9320
   1547.5000    1131.6840
   1548.5000    1131.4640
   1549.5000    1131.1960
   1550.5000    1130.9480
   1551.5000    1130.7480
   1552.5000    1130.5040
   1553.5000    1130.2600
   1554.5000    1129.9800
   1555.5000    1129.7960
   1556.5000    1129.5800
   1557.5000    1129.3360
   1558.5000    1129.0520
   1559.5000    1128.8560
   1560.5000    1128.5880
   1561.5000    1128.3200
   1562.5000    1128.0440
   1563.5000    1127.7200
   1564.5000    1127.4240
   1565.5000    1127.1480
   1566.5000    1126.8520
   1567.5000    1126.4840
   1568.5000    1126.1480
   1569.5000    1125.8440
   1570.5000    1125.5080
   1571.5000    1125.2080
   1572.5000    1124.9160
   1573.5000    1124.5800
   1574.5000    1124.2000
   1575.5000    1123.8240
   1576.5000    1123.4720
   1577.5000    1123.0960
   1578.5000    1122.7200
   1579.5000    1122.3360
   1580.5000    1121.9200
   1581.5000    1121.5280
   1582.5000    1121.1240
   1583.5000    1120.7200
   1584.5000    1120.3320
   1585.5000    1119.9440
   1586.5000    1119.5440
   1587.5000    1119.1360
   1588.5000    1118.7000
   1589.5000    1118.2760
   1590.5000    1117.8680
   1591.5000    1117.4120
   1592.5000    1116.9480
   1593.5000    1116.4680
   1594.5000    1115.9440
   1595.5000    1115.4680
   1596.5000    1114.9240
   1597.5000    1114.4760
   1598.5000    1114.1240
   1599.5000    1113.7600
   1600.5000    1113.5040
   1601.5000    1113.2200
   1602.5000    1112.8680
   1603.5000    1112.5600
   1604.5000    1112.2520
   1605.5000    1112.0120
   1606.5000    1111.8280
   1607.5000    1111.5840
   1608.5000    1111.2840
   1609.5000    1111.1720
   1610.5000    1111.0400
   1611.5000    1111.0560
   1612.5000    1111.0240
   1613.5000    1110.8240
   1614.5000    1110.5440
   1615.5000    1110.2840
   1616.5000    1109.9880
   1617.5000    1109.7360
   1618.5000    1109.4360
   1619.5000    1109.1480
   1620.5000    1108.8760
   1621.5000    1108.6520
   1622.5000    1108.3640
   1623.5000    1108.1600
   1624.5000    1107.9800
   1625.5000    1107.7520
   1626.5000    1107.5280
   1627.5000    1107.3760
   1628.5000    1107.1840
   1629.5000    1107.0000
   1630.5000    1106.8600
   1631.5000    1106.7200
   1632.5000    1106.6120
   1633.5000    1106.5080
   1634.5000    1106.4200
   1635.5000    1106.3200
   1636.5000    1106.2120
   1637.5000    1106.1480
   1638.5000    1106.0720
   1639.5000    1106.0080
   1640.5000    1105.9600
   1641.5000    1105.9280
   1642.5000    1105.8920
   1643.5000    1105.8600
   1644.5000    1105.8120
   1645.5000    1105.7640
   1646.5000    1105.7400
   1647.5000    1105.7200
   1648.5000    1105.6920
   1649.5000    1105.6680
   1650.5000    1105.6320
   1651.5000    1105.5880
   1652.5000    1105.5960
   1653.5000    1105.5440
   1654.5000    1105.4840
   1655.5000    1105.4560
   1656.5000    1105.4360
   1657.5000    1105.3800
   1658.5000    1105.3280
   1659.5000    1105.2760
   1660.5000    1105.2320
   1661.5000    1105.2320
   1662.5000    1105.1800
   1663.5000    1105.1920
   1664.5000    1105.1400
   1665.5000    1105.0960
   1666.5000    1105.0880
   1667.5000    1105.1240
   1668.5000    1105.1400
   1669.5000    1105.1640
   1670.5000    1105.2200
   1671.5000    1105.2600
   1672.5000    1105.3280
   1673.5000    1105.3920
   1674.5000    1105.4720
   1675.5000    1105.4680
   1676.5000    1105.5480
   1677.5000    1105.6240
   1678.5000    1105.7520
   1679.5000    1105.8480
   1680.5000    1106.0200
   1681.5000    1106.1440
   1682.5000    1106.2760
   1683.5000    1106.4320
   1684.5000    1106.5360
   1685.5000    1106.6160
   1686.5000    1106.7080
   1687.5000    1106.7840
   1688.5000    1106.8400
   1689.5000    1106.8440
   1690.5000    1106.9120
   1691.5000    1106.8960
   1692.5000    1106.9200
   1693.5000    1106.9960
   1694.5000    1106.9880
   1695.5000    1107.0000
   1696.5000    1106.9560
   1697.5000    1106.9840
   1698.5000    1106.9920
   1699.5000    1106.9880
   1700.5000    1106.9840
   1701.5000    1107.0000
   1702.5000    1107.0320
   1703.5000    1107.0280
   1704.5000    1107.0200
   1705.5000    1106.9960
   1706.5000    1106.9720
   1707.5000    1106.9800
   1708.5000    1106.9560
   1709.5000    1106.9440
   1710.5000    1106.9640
   1711.5000    1106.9320
   1712.5000    1106.9240
   1713.5000    1106.9000
   1714.5000    1106.8920
   1715.5000    1106.8680
   1716.5000    1106.8640
   1717.5000    1106.8680
   1718.5000    1106.8400
   1719.5000    1106.8240
   1720.5000    1106.7800
   1721.5000    1106.7920
   1722.5000    1106.8040
   1723.5000    1106.8000
   1724.5000    1106.8320
   1725.5000    1106.8720
   1726.5000    1106.8760
   1727.5000    1106.8480
   1728.5000    1106.8280
   1729.5000    1106.8600
   1730.5000    1106.8920
   1731.5000    1106.9200
   1732.5000    1106.9320
   1733.5000    1106.9560
   1734.5000    1107.0120
   1735.5000    1107.0400
   1736.5000    1107.0920
   1737.5000    1107.1600
   1738.5000    1107.2480
   1739.5000    1107.3400
   1740.5000    1107.4200
   1741.5000    1107.5040
   1742.5000    1107.6040
   1743.5000    1107.7040
   1744.5000    1107.8120
   1745.5000    1107.9440
   1746.5000    1108.0560
   1747.5000    1108.1760
   1748.5000    1108.3200
   1749.5000    1108.4360
   1750.5000    1108.5880
   1751.5000    1108.7520
   1752.5000    1108.9160
   1753.5000    1109.0520
   1754.5000    1109.2160
   1755.5000    1109.4040
   1756.5000    1109.5560
   1757.5000    1109.7680
   1758.5000    1109.9560
   1759.5000    1110.1600
   1760.5000    1110.4200
   1761.5000    1110.6560
   1762.5000    1110.9280
   1763.5000    1111.1840
   1764.5000    1111.4360
   1765.5000    1111.6520
   1766.5000    1111.8320
   1767.5000    1112.0680
   1768.5000    1112.3120
   1769.5000    1112.5400
   1770.5000    1112.7760
   1771.5000    1113.0800
   1772.5000    1113.3360
   1773.5000    1113.6480
   1774.5000    1113.9640
   1775.5000    1114.3440
   1776.5000    1114.7320
   1777.5000    1115.0960
   1778.5000    1115.4640
   1779.5000    1115.8360
   1780.5000    1116.2160
   1781.5000    1116.5800
   1782.5000    1116.9720
   1783.5000    1117.3600
   1784.5000    1117.7360
   1785.5000    1118.1280
   1786.5000    1118.5160
   1787.5000    1118.9160
   1788.5000    1119.3240
   1789.5000    1119.7320
   1790.5000    1120.1480
   1791.5000    1120.5640
   1792.5000    1120.9640
   1793.5000    1121.3280
   1794.5000    1121.6600
   1795.5000    1121.9680
   1796.5000    1122.2200
   1797.5000    1122.4920
   1798.5000    1122.7280
   1799.5000    1123.0120
   1800.5000    1123.3360
   1801.5000    1123.6760
   1802.5000    1123.9760
   1803.5000    1124.2920
   1804.5000    1124.6280
   1805.5000    1124.9360
   1806.5000    1125.2880
   1807.5000    1125.6360
   1808.5000    1125.9840
   1809.5000    1126.2640
   1810.5000    1126.5920
   1811.5000    1126.8720
   1812.5000    1127.1600
   1813.5000    1127.4320
   1814.5000    1127.7240
   1815.5000    1127.9680
   1816.5000    1128.2360
   1817.5000    1128.5080
   1818.5000    1128.8000
   1819.5000    1129.0880
   1820.5000    1129.3840
   1821.5000    1129.6600
   1822.5000    1129.9080
   1823.5000    1130.1600
   1824.5000    1130.4720
   1825.5000    1130.7040
   1826.5000    1130.7720
   1827.5000    1130.7720
   1828.5000    1130.8320
   1829.5000    1131.0440
   1830.5000    1131.3000
   1831.5000    1131.5640
   1832.5000    1131.6880
   1833.5000    1131.8640
   1834.5000    1132.1120
   1835.5000    1132.3440
   1836.5000    1132.5960
   1837.5000    1132.7920
   1838.5000    1133.0120
   1839.5000    1133.2440
   1840.5000    1133.5280
   1841.5000    1133.8680
   1842.5000    1134.1120
   1843.5000    1134.2640
   1844.5000    1134.4360
   1845.5000    1134.9000
   1846.5000    1135.3880
   1847.5000    1135.7440
   1848.5000    1136.2720
   1849.5000    1136.8280
   1850.5000    1137.2680
   1851.5000    1137.8040
   1852.5000    1138.3920
   1853.5000    1138.9240
   1854.5000    1139.3840
   1855.5000    1139.7640
   1856.5000    1140.1960
   1857.5000    1140.8160
   1858.5000    1141.4760
   1859.5000    1142.1800
   1860.5000    1142.9560
   1861.5000    1143.7320
   1862.5000    1144.4000
   1863.5000    1145.0840
   1864.5000    1145.7680
   1865.5000    1146.4560
   1866.5000    1147.1240
   1867.5000    1147.8200
   1868.5000    1148.4200
   1869.5000    1148.9000
   1870.5000    1149.4200
   1871.5000    1149.9760
   1872.5000    1150.6560
   1873.5000    1151.4400
   1874.5000    1152.2440
   1875.5000    1153.1640
   1876.5000    1154.0800
   1877.5000    1155.0080
   1878.5000    1155.9720
   1879.5000    1156.8840
   1880.5000    1157.8800
   1881.5000    1158.9480
   1882.5000    1160.0760
   1883.5000    1161.0520
   1884.5000    1162.0480
   1885.5000    1163.1880
   1886.5000    1164.4000
   1887.5000    1165.6560
   1888.5000    1167.0520
   1889.5000    1168.4520
   1890.5000    1169.8320
   1891.5000    1171.2640
   1892.5000    1172.6680
   1893.5000    1173.9080
   1894.5000    1175.1640
   1895.5000    1176.3160
   1896.5000    1177.4600
   1897.5000    1178.5840
   1898.5000    1179.8160
   1899.5000    1181.2000
   1900.5000    1182.7000
   1901.5000    1184.0280
   1902.5000    1185.3000
   1903.5000    1186.6160
   1904.5000    1187.8160
   1905.5000    1189.1560
   1906.5000    1190.6480
   1907.5000    1192.3920
   1908.5000    1194.0720
   1909.5000    1195.7440
   1910.5000    1197.5080
   1911.5000    1199.3160
   1912.5000    1201.4120
   1913.5000    1203.6400
   1914.5000    1205.6760
   1915.5000    1207.7480
   1916.5000    1209.9400
   1917.5000    1212.0440
   1918.5000    1213.7960
   1919.5000    1215.2560
   1920.5000    1216.9840
   1921.5000    1218.4000
   1922.5000    1219.7800
   1923.5000    1221.0840
   1924.5000    1222.5200
   1925.5000    1223.2520
   1926.5000    1223.8160
   1927.5000    1224.7080
   1928.5000    1225.3160
   1929.5000    1225.9800
   1930.5000    1226.4800
   1931.5000    1227.2880
   1932.5000    1228.3720
   1933.5000    1229.6080
   1934.5000    1231.1400
   1935.5000    1232.9080
   1936.5000    1236.0480
   1937.5000    1239.0560
   1938.5000    1241.1760
   1939.5000    1243.4040
   1940.5000    1245.4280
   1941.5000    1247.2440
   1942.5000    1248.6880
   1943.5000    1249.5600
   1944.5000    1249.6520
   1945.5000    1249.5400
   1946.5000    1249.5600
   1947.5000    1249.9440
   1948.5000    1250.0840
   1949.5000    1250.5280
   1950.5000    1251.2840
   1951.5000    1252.0560
   1952.5000    1253.3680
   1953.5000    1254.9200
   1954.5000    1256.3800
   1955.5000    1257.6600
   1956.5000    1258.7920
   1957.5000    1259.9680
   1958.5000    1261.3800
   1959.5000    1263.2280
   1960.5000    1266.5000
   1961.5000    1269.1960
   1962.5000    1272.1760
   1963.5000    1274.6000
   1964.5000    1277.3316
   1965.5000    1279.2636
   1966.5000    1283.5200
   1967.5000    1285.9196
   1968.5000    1289.5556
   1969.5000    1293.0036
   1970.5000    1299.1320
   1971.5000    1301.6000
   1972.5000    1309.3960
   1973.5000    1319.6360
   1974.5000    1323.0240
   1975.5000    1323.3080
   1976.5000    1326.1800
   1977.5000    1333.4116
   1978.5000    1340.0396
   1979.5000    1346.4196
   1980.5000    1354.8200
   1981.5000    1360.2360
   1982.5000    1362.5760
   1983.5000    1369.0640
   1984.5000    1376.0316
   1985.5000    1381.8360
   1986.5000    1387.6120
   1987.5000    1395.0996
   1988.5000    1405.1036
   1989.5000    1411.5756
   1990.5000    1416.2916
   1991.5000    1421.4116
   1992.5000    1424.9156
   1993.5000    1427.7000
   1994.5000    1433.0160
   1995.5000    1440.9560
   1996.5000    1448.0200
   1997.5000    1453.0080
   1998.5000    1463.7320
   1999.5000    1471.3800
   2000.5000    1476.5000
   2001.5000    1482.6920
   2002.5000    1491.3400
   2003.5000    1501.6440
   2004.5000    1507.9480
   2005.5000    1515.6280
   2006.5000    1524.0400
   2007.5000    1530.4120
   2008.5000    1538.9560
   2009.5000    1545.1200
   2010.5000    1554.8680
   2011.5000    1563.7760
   2012.5000    1572.0640
   2013.5000    1582.9000
   2014.5000    1590.1880
   2015.5000    1599.7952
   2016.5000    1612.4676
   2017.5000    1623.1760
   2018.5000    1635.0400
   2019.5000    1647.1596
   2020.5000    1659.5640
   2021.5000    1672.2600
   2022.5000    1685.3400
   2023.5000    1698.8836
   2024.5000    1712.8796
   2025.5000    1727.3200
   2026.5000    1742.1996
   2027.5000    1757.5120
   2028.5000    1773.2596
   2029.5000    1789.4440
   2030.5000    1806.0600
   2031.5000    1823.1156
   2032.5000    1840.6556
   2033.5000    1858.7276
   2034.5000    1877.3240
   2035.5000    1896.4476
   2036.5000    1916.0996
   2037.5000    1936.2880
   2038.5000    1957.0080
   2039.5000    1978.2676
   2040.5000    2000.0756
   2041.5000    2022.4316
   2042.5000    2045.3676
   2043.5000    2068.9116
   2044.5000    2093.0676
   2045.5000    2117.8396
   2046.5000    2143.2360
   2047.5000    2169.2556
   2048.5000    2195.9076
   2049.5000    2223.1996
   2050.5000    2251.1356
   2051.5000    2279.7196
   2052.5000    2309.0316
   2053.5000    2339.1356
   2054.5000    2370.0276
   2055.5000    2401.7156
   2056.5000    2434.1996
   2057.5000    2467.4796
   2058.5000    2501.5636
   2059.5000    2536.4556
   2060.5000    2572.1636
   2061.5000    2608.6876
   2062.5000    2646.0276
   2063.5000    2684.1796
   2064.5000    2723.1556
   2065.5000    2762.9556
   2066.5000    2803.5956
   2067.5000    2845.0756
   2068.5000    2887.4036
   2069.5000    2930.5916
   2070.5000    2974.6476
   2071.5000    3019.5716
   2072.5000    3065.2916
   2073.5000    3111.7196
   2074.5000    3158.8756
   2075.5000    3206.7636
   2076.5000    3255.3912
   2077.5000    3304.7716
   2078.5000    3354.9076
   2079.5000    3405.8072
   2080.5000    3457.4752
   2081.5000    3509.9196
   2082.5000    3562.8356
   2083.5000    3615.9232
   2084.5000    3669.2032
   2085.5000    3722.6836
   2086.5000    3776.3676
   2087.5000    3830.2676
   2088.5000    3884.3836
   2089.5000    3938.7232
   2090.5000    3993.2836
   2091.5000    4048.0796
   2092.5000    4102.9596
   2093.5000    4157.7992
   2094.5000    4212.5996
   2095.5000    4267.3996
   2096.5000    4322.1196
   2097.5000    4376.8392
   2098.5000    4431.5596
   2099.5000    4486.1996
   2100.5000    4540.8392
   2101.5000    4595.4396
   2102.5000    4649.8792
   2103.5000    4704.1196
   2104.5000    4758.1196
   2105.5000    4811.9196
   2106.5000    4865.4796
   2107.5000    4918.7992
   2108.5000    4971.8792
   2109.5000    5024.7592
   2110.5000    5077.4000
   2111.5000    5129.7992
   2112.5000    5181.9596
   2113.5000    5233.8792
   2114.5000    5285.5596
   2115.5000    5336.9996
   2116.5000    5388.1992
   2117.5000    5439.1196
   2118.5000    5489.7592
   2119.5000    5540.1596
   2120.5000    5590.2792
   2121.5000    5640.1596
   2122.5000    5689.7196
   2123.5000    5739.0396
   2124.5000    5788.0396
   2125.5000    5836.7596
   2126.5000    5885.1596
   2127.5000    5933.2792
   2128.5000    5981.1196
   2129.5000    6028.6396
   2130.5000    6075.8400
   2131.5000    6122.7196
   2132.5000    6169.2796
   2133.5000    6215.5196
   2134.5000    6261.4396
   2135.5000    6307.0396
   2136.5000    6352.3200
   2137.5000    6397.2396
   2138.5000    6441.7992
   2139.5000    6486.0396
   2140.5000    6529.9596
   2141.5000    6573.5196
   2142.5000    6616.6796
   2143.5000    6659.5196
   2144.5000    6702.0400
   2145.5000    6744.1596
   2146.5000    6785.9196
   2147.5000    6827.2792
   2148.5000    6868.3200
   2149.5000    6908.9600
   2150.5000    6949.2796
   2151.5000    6989.1596
   2152.5000    7028.6796
   2153.5000    7067.8000
   2154.5000    7106.5596
   2155.5000    7144.8800
   2156.5000    7182.8000
   2157.5000    7220.3200
   2158.5000    7257.4396
   2159.5000    7294.1596
   2160.5000    7330.4400
   2161.5000    7366.3192
   2162.5000    7401.8400
   2163.5000    7436.8800
   2164.5000    7471.5596
   2165.5000    7505.8000
   2166.5000    7539.5996
   2167.5000    7572.9600
   2168.5000    7605.9600
   2169.5000    7638.4796
   2170.5000    7670.5996
   2171.5000    7702.3200
   2172.5000    7733.5996
   2173.5000    7764.4396
   2174.5000    7794.8400
   2175.5000    7824.8400
   2176.5000    7854.4000
   2177.5000    7883.5200
   2178.5000    7912.1996
   2179.5000    7940.4400
   2180.5000    7968.2796
   2181.5000    7995.7196
   2182.5000    8022.6796
   2183.5000    8049.1996
   2184.5000    8075.3200
   2185.5000    8101.0000
   2186.5000    8126.2404
   2187.5000    8151.0400
   2188.5000    8175.4000
   2189.5000    8199.2404
   2190.5000    8222.6396
   2191.5000    8245.6796
   2192.5000    8268.3592
   2193.5000    8290.5596
   2194.5000    8312.2404
   2195.5000    8333.5196
   2196.5000    8354.3604
   2197.5000    8374.7196
   2198.5000    8394.6796
   2199.5000    8414.1600
   2200.5000    8433.2404
   2201.5000    8451.8400
   2202.5000    8470.0400
   2203.5000    8487.8000
   2204.5000    8505.0800
   2205.5000    8521.9600
   2206.5000    8538.3592
   2207.5000    8554.3996
   2208.5000    8569.9200
   2209.5000    8585.0400
   2210.5000    8599.7196
   2211.5000    8613.9200
   2212.5000    8627.6796
   2213.5000    8640.9600
   2214.5000    8653.8400
   2215.5000    8666.2792
   2216.5000    8678.3204
   2217.5000    8689.9200
   2218.5000    8701.0800
   2219.5000    8711.7208
   2220.5000    8721.9600
   2221.5000    8731.8000
   2222.5000    8741.1600
   2223.5000    8750.0800
   2224.5000    8758.5996
   2225.5000    8766.6796
   2226.5000    8774.2804
   2227.5000    8781.3204
   2228.5000    8788.0400
   2229.5000    8794.3604
   2230.5000    8800.2804
   2231.5000    8805.7196
   2232.5000    8810.6396
   2233.5000    8815.1600
   2234.5000    8819.2404
   2235.5000    8822.9200
   2236.5000    8826.1200
   2237.5000    8828.9200
   2238.5000    8831.2404
   2239.5000    8833.1600
   2240.5000    8834.5996
   2241.5000    8835.6396
   2242.5000    8836.2804
   2243.5000    8836.4396
   2244.5000    8836.1200
   2245.5000    8835.3592
   2246.5000    8834.2804
   2247.5000    8832.7608
   2248.5000    8830.7596
   2249.5000    8828.2804
   2250.5000    8825.4004
   2251.5000    8822.0800
   2252.5000    8818.5596
   2253.5000    8815.0000
   2254.5000    8811.4396
   2255.5000    8807.8800
   2256.5000    8804.4004
   2257.5000    8800.8800
   2258.5000    8797.3592
   2259.5000    8793.7596
   2260.5000    8790.1600
   2261.5000    8786.5196
   2262.5000    8782.9200
   2263.5000    8779.3192
   2264.5000    8775.8000
   2265.5000    8772.2404
   2266.5000    8768.6396
   2267.5000    8765.0000
   2268.5000    8761.3604
   2269.5000    8757.7208
   2270.5000    8754.1200
   2271.5000    8750.4796
   2272.5000    8746.8800
   2273.5000    8743.2804
   2274.5000    8739.5996
   2275.5000    8735.9600
   2276.5000    8732.3604
   2277.5000    8728.7596
   2278.5000    8725.1600
   2279.5000    8721.5996
   2280.5000    8718.0000
   2281.5000    8714.4004
   2282.5000    8710.8000
   2283.5000    8707.2000
   2284.5000    8703.6408
   2285.5000    8700.0400
   2286.5000    8696.4796
   2287.5000    8692.9200
   2288.5000    8689.3604
   2289.5000    8685.8400
   2290.5000    8682.2804
   2291.5000    8678.7196
   2292.5000    8675.1600
   2293.5000    8671.6408
   2294.5000    8668.1200
   2295.5000    8664.5604
   2296.5000    8661.0800
   2297.5000    8657.5996
   2298.5000    8654.0800
   2299.5000    8650.5204
   2300.5000    8646.9600
   2301.5000    8643.4796
   2302.5000    8640.0000
   2303.5000    8636.5596
   2304.5000    8633.0800
   2305.5000    8629.5996
   2306.5000    8626.1200
   2307.5000    8622.6408
   2308.5000    8619.1600
   2309.5000    8615.6796
   2310.5000    8612.2404
   2311.5000    8608.8800
   2312.5000    8605.4796
   2313.5000    8602.0800
   2314.5000    8598.6396
   2315.5000    8595.2404
   2316.5000    8591.8000
   2317.5000    8588.3604
   2318.5000    8584.9600
   2319.5000    8581.5604
   2320.5000    8578.1600
   2321.5000    8574.8008
   2322.5000    8571.4396
   2323.5000    8568.0800
   2324.5000    8564.6796
   2325.5000    8561.2404
   2326.5000    8557.8400
   2327.5000    8554.4804
   2328.5000    8551.2000
   2329.5000    8547.8400
   2330.5000    8544.5604
   2331.5000    8541.2804
   2332.5000    8537.8800
   2333.5000    8534.4804
   2334.5000    8531.2000
   2335.5000    8527.9600
   2336.5000    8524.5596
   2337.5000    8521.1600
   2338.5000    8517.8800
   2339.5000    8514.5996
   2340.5000    8511.3204
   2341.5000    8508.0000
   2342.5000    8504.7196
   2343.5000    8501.5196
   2344.5000    8498.2804
   2345.5000    8495.0000
   2346.5000    8491.6796
   2347.5000    8488.4004
   2348.5000    8485.1600
   2349.5000    8481.9200
   2350.5000    8478.6796
   2351.5000    8475.4404
   2352.5000    8472.2000
   2353.5000    8468.9600
   2354.5000    8465.7208
   2355.5000    8462.5204
   2356.5000    8459.2804
   2357.5000    8456.0800
   2358.5000    8452.8400
   2359.5000    8449.6396
   2360.5000    8446.4004
   2361.5000    8443.2404
   2362.5000    8440.0400
   2363.5000    8436.8800
   2364.5000    8433.6808
   2365.5000    8430.4796
   2366.5000    8427.3204
   2367.5000    8424.1200
   2368.5000    8420.9600
   2369.5000    8417.8000
   2370.5000    8414.6408
   2371.5000    8411.5204
   2372.5000    8408.3592
   2373.5000    8405.2000
   2374.5000    8402.1200
   2375.5000    8398.9600
   2376.5000    8395.8000
   2377.5000    8392.6796
   2378.5000    8389.5604
   2379.5000    8386.4396
   2380.5000    8383.3204
   2381.5000    8380.1600
   2382.5000    8377.0400
   2383.5000    8373.9600
   2384.5000    8370.9200
   2385.5000    8367.8008
   2386.5000    8364.6808
   2387.5000    8361.5596
   2388.5000    8358.4804
   2389.5000    8355.4796
   2390.5000    8352.3604
   2391.5000    8349.2000
   2392.5000    8346.2000
   2393.5000    8343.2000
   2394.5000    8340.1200
   2395.5000    8337.0000
   2396.5000    8333.9200
   2397.5000    8330.9200
   2398.5000    8327.8800
   2399.5000    8324.9200
   2400.5000    8321.9200
   2401.5000    8318.8000
   2402.5000    8315.8000
   2403.5000    8312.8800
   2404.5000    8309.8400
   2405.5000    8306.7596
   2406.5000    8303.7596
   2407.5000    8300.7596
   2408.5000    8297.7596
   2409.5000    8294.7608
   2410.5000    8291.8000
   2411.5000    8288.8000
   2412.5000    8285.7596
   2413.5000    8282.8400
   2414.5000    8279.8800
   2415.5000    8276.8800
   2416.5000    8273.9200
   2417.5000    8270.9600
   2418.5000    8268.0000
   2419.5000    8265.0400
   2420.5000    8262.1200
   2421.5000    8259.1600
   2422.5000    8256.2000
   2423.5000    8253.2804
   2424.5000    8250.3604
   2425.5000    8247.4404
   2426.5000    8244.5204
   2427.5000    8241.6004
   2428.5000    8238.6408
   2429.5000    8235.7196
   2430.5000    8232.8400
   2431.5000    8229.9600
   2432.5000    8227.0800
   2433.5000    8224.2000
   2434.5000    8221.2804
   2435.5000    8218.4004
   2436.5000    8215.4804
   2437.5000    8212.5596
   2438.5000    8209.6796
   2439.5000    8206.8000
   2440.5000    8203.9200
   2441.5000    8201.0400
   2442.5000    8198.2000
   2443.5000    8195.3204
   2444.5000    8192.4796
   2445.5000    8189.6400
   2446.5000    8186.8000
   2447.5000    8183.9200
   2448.5000    8181.1200
   2449.5000    8178.3200
   2450.5000    8175.5200
   2451.5000    8172.6800
   2452.5000    8169.8404
   2453.5000    8167.0000
   2454.5000    8164.1996
   2455.5000    8161.4400
   2456.5000    8158.6000
   2457.5000    8155.7596
   2458.5000    8152.9600
   2459.5000    8150.2000
   2460.5000    8147.4400
   2461.5000    8144.6000
   2462.5000    8141.8004
   2463.5000    8138.9996
   2464.5000    8136.2396
   2465.5000    8133.4800
   2466.5000    8130.7604
   2467.5000    8128.0000
   2468.5000    8125.2000
   2469.5000    8122.4000
   2470.5000    8119.6796
   2471.5000    8116.9600
   2472.5000    8114.1996
   2473.5000    8111.4000
   2474.5000    8108.6400
   2475.5000    8105.8800
   2476.5000    8103.1600
   2477.5000    8100.4400
   2478.5000    8097.7204
   2479.5000    8094.9600
   2480.5000    8092.2796
   2481.5000    8089.6796
   2482.5000    8086.8800
   2483.5000    8084.1600
   2484.5000    8081.6000
   2485.5000    8078.8000
   2486.5000    8076.0800
   2487.5000    8073.4800
   2488.5000    8070.6800
   2489.5000    8067.9600
   2490.5000    8065.4000
   2491.5000    8062.7204
   2492.5000    8060.0000
   2493.5000    8057.3200
   2494.5000    8054.6800
   2495.5000    8052.0400
   2496.5000    8049.3600
   2497.5000    8046.6796
   2498.5000    8044.0400
   2499.5000    8041.4400
   2500.5000    8040.0800
