1950  -4.39  -0.45   0.35  -0.29  -0.33   0.15   0.08   0.82   1.07   0.04  -0.23   1.17
1951  -0.56  -1.22  -1.34   0.67   1.07   0.01  -0.02   0.02   0.44  -0.22   0.34  -2.12
1952  -1.88   0.07  -1.42   1.08  -0.06  -0.74  -0.23  -0.17   0.55   1.14   0.88   1.49
1953   0.99   0.20  -0.91   0.63   0.30  -0.53   0.43  -0.08   0.07   1.52   1.10   0.50
1954  -1.39   0.89  -1.14  -1.48   0.50   0.13  -0.12  -0.40  -0.39   0.92   2.36   0.25
1955   0.54  -2.30  -1.88  -0.93  -0.12   0.24  -0.28   0.08  -0.32  -0.02  -0.93  -0.91
1956   0.34  -2.57  -0.47   0.39   0.16  -0.16   0.28   0.43  -0.35  -1.26   1.58  -0.05
1957  -2.49  -1.97   0.73  -0.35   0.74   0.32   0.07   0.03   0.83   0.94   0.56  -0.50
1958   2.89   2.16  -0.35   0.49   0.51   0.28   0.08   0.35  -0.54   0.01  -0.60   1.17
1959  -0.44  -1.91   0.61  -0.20  -0.55   0.24   0.23  -0.92  -0.45   0.11   0.62   0.75
1960   0.11   0.54   0.46   0.40   0.28  -0.20   0.67  -0.59   0.08   0.34  -0.35   1.67
1961   2.55   0.07   0.61  -0.76   0.10   0.73   0.03   0.64  -1.29  -1.23  -0.64  -1.04
1962  -0.52  -1.09  -0.62   0.19  -1.14  -0.60  -0.03  -0.53  -0.11   0.57   0.95   1.11
1963  -0.38   1.93  -1.93   0.00  -0.50  -0.55  -0.00   0.39   1.14   0.74   0.37   2.31
1964  -0.04   0.34  -1.84  -1.52  -1.39   0.23  -0.08  -0.66  -0.63   0.58  -0.52  -1.73
1965   0.14  -1.69  -0.11  -0.65  -0.78   0.27   0.08   0.31  -0.74   0.89  -0.59  -1.07
1966   0.47  -1.28   0.92  -0.24  -0.44   0.59  -0.11   0.10   1.09  -0.41  -1.08   0.54
1967  -0.73  -0.58  -2.17  -2.22  -0.39   0.24  -0.36   0.82   1.54   0.17  -0.38  -1.38
1968  -1.46   2.37   0.74  -1.07   0.19   0.30   0.33  -0.26  -0.14  -0.42   1.28  -1.33
1969  -2.49  -0.11   0.74   0.77   0.77   0.75  -0.31  -0.29   0.12   0.78   1.14   2.30
1970   0.62   1.74   0.81  -1.20  -0.04   0.71   0.19  -0.03  -0.65  -0.75  -0.73  -1.96
1971  -1.39  -0.15  -0.02   0.30   0.53  -0.28   0.17   0.39  -0.70  -0.95  -0.51  -3.26
1972  -2.85  -0.99   0.49  -1.58   0.53   0.01  -0.14   0.67  -1.18  -0.25   0.39  -1.05
1973   0.23   0.94  -0.66   0.11   0.50   0.08   0.19  -0.42   0.43  -0.79  -2.45   0.72
1974  -2.41  -0.64  -0.60   0.15  -0.74   0.08   0.09   0.06   0.17   1.08   0.30   0.50
1975  -1.66  -0.90  -0.98  -1.44  -0.10  -0.59   0.68  -0.59   0.31  -1.01  -0.67   0.11
1976   0.25  -1.70  -1.48   0.32   0.23  -0.53   0.56   0.13   1.14   0.69   1.95   1.01
1977   2.09   2.42  -1.83   0.05  -0.47   0.45  -0.51   0.23  -1.06   0.34  -0.02  -0.37
1978   1.69   2.43   0.91  -0.14  -0.27  -0.77   0.02  -0.39  -0.04   0.37  -1.02  -2.14
1979  -0.30  -1.57   0.51  -0.87   0.45  -0.83   0.10   0.24   0.80   0.91   0.63   0.06
1980  -0.45   2.11  -0.65   1.99   0.59  -0.89  -0.42  -0.98  -0.31   1.26   1.10   1.26
1981   3.66   0.14   2.24  -0.85   0.95  -0.07  -0.35   0.75   0.47  -1.01   1.19   0.34
1982  -1.66  -1.63  -1.67  -1.18  -0.09   0.34   0.11  -0.07   0.21  -0.37  -0.29   0.72
1983   2.35   2.52   2.68   0.31   0.08   0.61   0.06  -0.18  -0.99  -0.31   1.23  -0.56
1984   0.57   0.96   1.88   0.98   0.01  -0.07   0.06  -0.05  -0.26  -0.54   0.20  -2.55
1985   2.32  -1.99  -1.11  -0.45  -0.31   0.08   0.49  -0.54  -1.10  -1.75  -2.26   1.70
1986   2.40   0.79   1.45  -0.50   0.11   0.30  -0.47   0.44  -1.05   1.00  -1.06   1.64
1987   1.59   0.89   1.23   1.79  -0.32   0.28   0.10  -0.12   0.62   0.53   1.16  -0.04
1988   0.52   0.86   1.01   1.00   0.45   0.82   0.24   0.03  -0.15   0.85  -0.80   0.03
1989  -1.51  -2.17  -0.55   0.11  -0.84  -0.01   0.07   0.18   0.03  -0.74  -0.66   1.15
1990  -1.15  -2.25   0.40   0.50  -0.45  -0.51   0.33   0.20   0.67  -1.40  -1.87  -2.35
1991  -0.54   1.25  -1.43   0.27  -0.41  -0.62   0.01   0.32   0.67  -0.87   0.49  -0.07
1992   2.20   0.66   1.95   1.07   0.18   0.83  -0.39   0.26  -1.19   0.32   0.38  -2.12
1993  -0.57   0.96   1.69   1.65   0.96   0.14  -0.72   0.14  -0.45   0.24  -1.05   1.18
1994   0.35  -1.99   0.59   0.30   0.58  -0.44   0.04   0.11   0.37  -0.22  -2.68   0.65
1995   2.15   0.51   0.50   0.14   0.45   0.91  -0.20  -0.90   1.07  -0.65   0.11   1.58
1996  -0.66  -0.23   0.21   1.49  -0.50  -0.33  -0.01  -0.04  -0.18  -0.63  -0.44  -0.99
1997   0.93   0.09  -0.67   1.19   0.19   0.58   0.13   0.06   0.56  -0.13   1.02   1.37
1998   1.31   2.44   1.19   0.59  -0.39  -0.92   0.39   0.15   0.02  -0.15  -0.25  -0.97
1999  -0.44   0.28   0.09  -0.53  -0.51  -0.59  -0.74   0.42   0.21  -0.14   0.28   0.07
2000  -0.92   0.81   0.87   0.30  -0.25  -0.45  -0.26  -0.56  -0.38  -0.10   0.51   1.15
2001   2.22  -1.48   0.46  -1.05   0.18  -0.70  -0.43   0.15   0.36  -1.05   1.14   0.13
2002  -0.71   0.01  -2.01  -1.86  -0.91   0.64   0.37   0.12  -0.71   0.05   2.06   1.34
2003   2.08  -0.61  -0.34  -0.92  -0.50   0.11   0.12   0.49   0.29   1.21  -2.39   0.58
2004  -0.31   0.78  -0.78   0.54  -1.34  -0.04   0.30   0.40  -0.84  -0.96   0.07  -0.20
2005  -0.58  -0.07   0.89   0.50   0.00   0.00   0.00   0.00   0.00   0.00  -0.51   1.88
2006  -0.03  -0.75   0.00  -0.21   0.10   0.70   0.36  -0.51   0.33  -0.67  -0.83   1.37
2007   0.03  -0.20  -0.01   1.30   0.34   0.07   0.98  -0.49  -1.02  -0.63   0.21  -0.99
2008   0.00   0.00   0.00   0.00   0.53  -0.62  -0.16   0.53   0.21   0.05   1.00  -2.13
2009   0.06  -1.60  -1.95  -0.47  -0.24   0.40   0.45   0.21   0.97  -0.28  -0.40   0.77
2010   2.22   2.41   1.75   0.01  -0.37  -0.11  -0.41  -0.71  -0.25   0.94  -0.94   0.06
2011   0.19  -2.26   0.04  -0.82  -0.29  -0.78  -0.88  -0.06   1.15  -0.21  -2.01  -0.28
2012  -0.24   0.21  -1.23   0.50  -0.21  -0.31  -0.05   0.29   0.61  -0.13   0.03  -1.04
2013  -0.77  -0.40   0.12  -0.59   0.37   0.06  -0.05   0.43   0.06  -0.23  -1.15  -1.33
2014   0.78  -0.94   0.37   0.27  -0.39  -0.56   0.69   0.45   0.30   0.54   0.58   0.80
2015   1.15   0.92   0.64  -0.25  -0.14   0.34   0.03  -0.37  -0.79   1.03  -1.44  -0.22
2016   2.66   0.00   1.18   2.15   0.32  -0.43  -0.66  -0.01  -0.23  -0.18   1.02  -1.94
2017  -0.11  -0.99   0.14   0.69   0.22   0.46   0.14   0.57   0.41  -1.12  -1.79   0.51
2018   0.78  -3.65  -1.04   0.20   0.38   0.13  -0.04  -0.32  -1.06   0.05   0.16   0.52
2019   0.80  -3.49   0.75   0.17   0.47  -0.03   0.06   0.18  -0.68  -1.23  -0.03   0.13
2020  -0.73   0.00  -2.64  -0.09   0.77  -0.07  -0.41  -0.02   0.42  -1.20  -1.09   1.71
2021   0.37  -2.15  -1.50  -0.29  -0.13   0.56   0.33  -0.24  -0.11  -0.63   0.61  -3.90
