9.34
6.28
2.76
1.85
1.86
0.01
0.02
0.18
0.39
3.94
7.9
12.58
11.35
5.83
4.71
1.38
0.99
1.73
0.2
0.06
0.18
0.27
3.16
15.46
13
1.87
5.37
4.12
3.46
1.24
0
0.72
0.17
2.42
7.42
2.96
13.08
4.78
5.46
4.03
0.13
1.55
0.05
1.3
0.48
1.31
5.69
8.17
4.54
2.13
1.54
4.6
0.06
0.13
0.11
0.03
0.87
1.4
6.31
18.88
13.89
8.43
1.46
1.27
1.45
0.53
0.13
0.06
0.25
5.22
0.44
2.5
5.32
6.88
7.06
2.22
4.22
0.12
0.21
0.03
2.59
6.42
3.41
7.23
9.79
17.1
6.66
5.06
1.01
1.46
0.43
0.23
0.4
0.6
2.27
3.32
10.91
8.2
2.68
0.47
0.54
0.11
0.04
0.14
2.43
0.59
0.22
2.6
6.11
9.46
7.3
2.02
3.33
0.03
0.05
0.02
0.05
1.22
7.46
5.87
4.59
6.24
7.63
2.11
2.15
0.39
0.04
0.42
0.6
1.84
6.17
4.65
2.67
9.45
5.19
1.23
0.85
0.09
0.04
1.28
0.74
9.56
4.21
5.23
4.29
5.45
6.8
7.99
1.8
0.31
0.07
0.05
0.26
4.15
9.55
2.23
8.5
0.67
3.55
0.46
1.06
1.06
0.28
0.05
0.08
1.92
8.77
18.17
8.34
1.48
1.48
5.24
0.26
0.42
0.15
1.05
0.04
0.52
8.47
5.53
9.91
3.92
3.99
1.51
0.26
0.29
0.12
0.28
0.73
0.35
9.94
8.15
12.06
0.78
7.34
5.06
0.79
1.21
0.02
0.05
0.35
2.37
3.41
5.47
9.05
5.65
3.99
0.43
1.26
0.23
0.04
1.97
0.28
2.74
5.37
12.4
14.54
8.54
1.78
2.73
0.51
0.61
0.09
0
0.36
3.11
2.01
13.23
17.84
3.3
2.78
0.97
0.75
0.6
0.06
0.01
0.07
2.89
12.65
11.84
6.86
1.78
8.38
2.48
1.16
0.72
0.13
0.38
1.43
1.03
5.96
7.37
6.45
5.63
4.9
3.04
0.85
0.65
0.01
0.24
1.43
2.86
6.23
7.41
11.3
6.18
4.57
0.73
0.5
0.08
0.1
0.05
1.93
4.73
17.29
9.17
9.64
5.57
9.77
3.47
0.27
0.29
0.9
0.18
0
1.57
2.22
6.34
5
11.41
12.13
2.59
0.52
0.29
0.25
0.37
0.08
6.34
3.35
3.64
1.51
6
2.14
2.65
0.16
0.16
0.26
2.11
0.53
0.42
1.9
0.78
2.54
2.66
3.17
0.56
2.1
0.33
0.07
0.32
3.25
1.71
6.85
9.72
12.24
7.2
5.48
4.78
0.68
0.37
0.12
0.48
2.52
0.02
2.17
1.44
7.48
8.82
3.1
2.67
2.17
0.09
0.25
0.29
0.53
6.23
7.4
6.75
7.26
9.45
3.75
3.09
0.9
0.63
0.03
0
0.18
1.46
1.93
6.96
7.5
4.38
4.47
1.05
1.35
0.29
0.04
0.03
1.18
4.7
11.74
13.2
7.7
6.53
7.78
5.93
0.08
1.16
0.12
0.11
0.9
5.19
8.48
10.19
9.68
12.99
14.92
4.48
0.93
0.28
0.61
2.57
0.71
1.37
13.27
14.83
0.83
5.2
3.97
2.73
1.32
0.84
0.06
0.3
0.37
3.5
14.73
2.66
0.88
4.05
5.19
0.38
0.51
0.53
0.22
0.16
1.33
2.97
4.49
3.8
8.33
17.38
7.2
1.2
1.82
0.16
0.04
0.01
3.61
1.64
1.49
3.47
6.54
5.06
6.83
0.51
0.66
0.21
0.49
0.01
0.01
0.91
4.16
11.28
7.73
0.35
0.77
2.49
1.78
1.66
0.05
0.05
0.06
0.43
9.51
4.85
3.31
1.84
10.94
1.91
1.13
0.46
0.04
0.24
2.07
3.87
1.85
0.47
7.81
4.18
2.53
0.98
5.79
0.36
0.3
0.61
0.39
1.35
1.37
2.03
1.88
3.69
11.56
1.47
1.27
0.55
0.43
0.28
0.08
2.01
2.5
3.2
2.95
8.5
4.41
2.63
0.27
1.76
0.21
0.02